0.0
1526707961746	-0.17886133	-1.1423703	-1.0135477	1.0185465	-0.08133745	-9.997527	0.22466514	0.42388767	4.2744226	0.002249085	0.004243469	0.042790532	1.1257607E-5	2.1240328E-5	2.1418443E-4
1526707961767	-0.26616272	-0.7122514	-0.97415555	1.145563	1.0205705	-6.926999	0.8299985	0.19804221	1.2927418	0.010532729	0.006219992	0.0556925	7.504086E-5	7.3454634E-5	7.0563017E-4
1526707961788	-0.5067738	-0.50996774	-0.83255696	0.741232	1.7836852	-4.889546	1.5238428	-0.3680579	3.8503227	0.025787666	0.0025354258	0.09423744	2.5683956E-4	1.17279145E-4	0.0014560919
1526707961809	-0.79210025	-0.63666123	-0.6345319	-0.1116296	2.0504606	-4.851284	2.0667005	-0.104442954	4.973875	0.046477057	0.0014898649	0.14403006	6.185546E-4	1.374274E-4	0.00264872
1526707961830	-0.98373735	-0.98373735	-0.41947243	-1.0795496	1.9477109	-6.247848	2.377439	0.7996332	4.4216313	0.070204645	0.009470454	0.18815933	0.0012008145	1.9212111E-4	0.004306397
1526707961850	-1.006095	-1.3531712	-0.2491283	-1.9750602	1.8051738	-7.960074	2.5172129	1.8816085	2.9791737	0.095404044	0.028306924	0.21798335	0.002029755	3.8121262E-4	0.00633931
1526707961871	-0.81339324	-1.5937823	-0.16502088	-2.54913	1.407501	-9.318377	2.4253402	2.7708685	1.5020666	0.11968372	0.05604563	0.23302029	0.003106359	8.034323E-4	0.008596771
1526707961892	-0.38646826	-1.6523381	-0.16502088	-2.6095498	1.0025306	-10.265362	2.0690212	3.2032614	0.33846283	0.14033319	0.08801518	0.23639825	0.0044038836	0.0015223182	0.010939243
1526707961913	0.1927018	-1.5256447	-0.23954643	-2.2986102	1.0099317	-10.657548	1.8024713	3.064858	-0.39373302	0.15837742	0.11869696	0.23245665	0.0058990545	0.0025569985	0.013286058
1526707961934	0.79848814	-1.2179606	-0.33962363	-1.5169196	1.307284	-10.24623	1.7999914	2.3475997	-0.4723978	0.1763419	0.14212674	0.22774199	0.0075693564	0.0038585495	0.0155825205
1526707961956	1.2445768	-0.7250272	-0.40030873	-0.633905	1.3629491	-8.754011	1.7754741	1.3039922	0.39795017	0.19411588	0.15518078	0.2317258	0.009423652	0.0053466978	0.017882347
1526707961977	1.4223735	-0.08943067	-0.3896622	0.26227283	1.3476211	-6.305241	1.571585	0.24480546	2.310567	0.20984876	0.15763149	0.2548565	0.011445663	0.0069124536	0.020317893
1526707962001	1.3457186	0.57278216	-0.2949083	0.7598553	0.93383545	-3.5982022	1.1412206	-0.53307724	4.844811	0.2212385	0.1523112	0.30320922	0.013596855	0.008459115	0.023102729
1526707962022	0.963509	1.0806206	-0.09794788	0.8404971	0.23242469	-1.2642183	0.44329605	-0.7843123	7.326133	0.22567625	0.14445959	0.3765499	0.01583385	0.009944577	0.026505206
1526707962043	0.23209389	1.2669345	0.11178834	0.29728004	-0.029233424	-0.3554951	-0.024473887	-0.5126921	8.941616	0.22543125	0.13932711	0.46606293	0.01809183	0.011365048	0.030722834
1526707962064	-0.57065284	1.0923318	0.22357668	-0.73120457	0.8631005	-2.593824	0.5631206	0.21156827	8.3699	0.23105137	0.14143863	0.54959714	0.02036975	0.012766113	0.035791136
1526707962085	-1.167922	0.63666123	0.28639108	-1.1554567	1.5251471	-6.926999	1.7145691	1.0030478	5.208918	0.24821563	0.15147997	0.60174274	0.02276868	0.014232293	0.04155407
1526707962106	-1.4968991	0.1927018	0.34814084	-1.7464647	2.2295227	-12.235857	2.7062182	1.8282416	0.48085976	0.27530712	0.16978219	0.60655653	0.02538913	0.015840344	0.047602113
1526707962127	-1.6353037	-0.019163715	0.37582174	-2.561082	2.5649843	-17.1047	3.4583972	2.9658227	-4.5156374	0.309823	0.19938202	0.56148905	0.02830902	0.017682532	0.053430844
1526707962148	-1.4500544	0.072396256	0.37369245	-2.7985172	2.1659248	-20.481323	3.4650645	4.033964	-8.578002	0.34451118	0.23976538	0.4756161	0.031584233	0.019880649	0.058621988
1526707962168	-0.8581086	0.4982566	0.35772267	-1.7484968	2.0193894	-19.409988	2.917941	3.987414	-9.77609	0.37363315	0.279561	0.37804767	0.035167884	0.02247217	0.0628819
1526707962189	0.03939208	1.1413057	0.32791245	-0.4055988	2.158642	-13.020227	2.4882913	2.5356436	-6.2029276	0.39854303	0.30494493	0.3159512	0.039032947	0.025397865	0.06635565
1526707962210	0.8336216	1.527774	0.36091664	0.64347994	1.1030061	-9.2896805	1.7369113	1.0045506	-1.3048716	0.41593096	0.3150013	0.30288833	0.04310973	0.028500954	0.0694532
1526707962231	0.9464746	1.1487583	0.52061427	1.8404797	-1.0023781	-9.547949	0.0059630275	0.24150503	0.28851032	0.41599047	0.3174116	0.30576774	0.04726115	0.031656794	0.07249049
1526707962251	0.652631	0.47270498	0.7601607	1.9624137	-2.7101746	-11.987153	-1.8464065	0.39856362	-1.1364145	0.39750642	0.32140157	0.2943913	0.05133304	0.03485432	0.075494535
1526707962272	-0.0010646508	0.05003859	0.86769044	1.7396399	-2.7700784	-14.263744	-2.5305686	1.0581739	-3.4605274	0.3721733	0.33199477	0.25974855	0.05518561	0.03812484	0.07826824
1526707962292	-0.9038886	-0.020228365	0.8314923	1.6616325	-1.3361815	-14.942895	-1.8164496	1.2555835	-4.888255	0.3540446	0.34452587	0.21096224	0.05880955	0.041500784	0.08061716
1526707962313	-1.8194883	0.14372787	0.79848814	1.1980855	0.91025	-15.009853	-0.13722119	1.159847	-5.2153482	0.35267088	0.35613692	0.15875225	0.062346954	0.045007892	0.082467735
1526707962334	-2.6445928	0.246999	0.8517207	0.5544528	2.3155344	-15.69857	1.458688	1.4296649	-5.5405493	0.36727357	0.37044907	0.103286736	0.06595057	0.04864476	0.08377935
1526707962356	-3.1055865	0.16715018	0.96244437	-0.1422553	2.4901137	-16.865562	1.9448546	2.2136903	-6.3969755	0.38668382	0.3925424	0.03944292	0.06971294	0.052452207	0.084491596
1526707962376	-2.9139493	0.036198128	1.0540043	-0.123495646	1.928002	-16.942087	1.3402631	2.8467178	-6.954854	0.40010098	0.42104042	-0.030180968	0.07365112	0.056524526	0.08453795
1526707962397	-2.070746	0.022357667	1.0667801	0.46291578	0.32086948	-14.8472395	-0.103104234	2.683055	-5.904867	0.3990688	0.44790003	-0.08929361	0.0776513	0.060873937	0.08393993
1526707962417	-0.920923	0.103271134	0.99225456	1.255451	-0.6481531	-10.944512	-1.4605155	1.7284462	-2.9295301	0.3844924	0.46515048	-0.11853124	0.081561394	0.0654302	0.082902856
1526707962439	0.06600835	0.10859439	0.83894485	2.1131532	-0.8369238	-7.1183095	-1.8781617	0.2870823	0.7747116	0.36569044	0.4680244	-0.11077574	0.085316375	0.07010113	0.08175508
1526707962461	0.72396255	-0.067073	0.68563515	3.0279486	-0.1629128	-3.952126	-1.4498434	-1.3078498	3.9922724	0.3511763	0.45493174	-0.07080977	0.08890459	0.074720904	0.08084617
1526707962481	1.1413057	-0.40776128	0.6355966	3.4241374	0.6212067	-1.5511836	-0.5640181	-2.6220398	6.5084815	0.34554723	0.42876297	-0.005853094	0.09238135	0.07913068	0.08046361
1526707962502	1.1711159	-0.8836602	0.7271565	3.1431694	0.61049753	-1.7711903	-0.06054217	-2.972554	7.5389934	0.34494114	0.39900523	0.069618516	0.09583753	0.08327401	0.080782786
1526707962522	0.8336216	-1.4032098	0.9187937	2.3724086	0.026097802	-4.210395	-0.30695355	-2.2234082	6.374811	0.34187764	0.37681493	0.13324112	0.09926487	0.08714547	0.08179509
1526707962543	0.39498547	-1.7396395	1.079556	1.2880492	-0.698151	-7.8644185	-0.9543754	-0.8116191	3.591833	0.33232355	0.36868995	0.16919836	0.102639526	0.090877034	0.08330893
1526707962564	0.11498229	-1.6970534	1.1178833	0.762642	-1.5698141	-10.60972	-1.7977443	0.4166597	0.6114435	0.31432664	0.37286106	0.17531942	0.10587628	0.09458881	0.08503338
1526707962584	0.05110324	-1.2914214	1.0199355	0.68211937	-2.422808	-11.661926	-2.7244058	0.90930164	-1.1726875	0.28713623	0.38193616	0.16361563	0.108877674	0.09835537	0.08672472
1526707962607	0.21612412	-0.63346726	0.81019926	0.61828816	-2.5949063	-10.0357895	-3.2011356	0.8838339	-0.8542299	0.25509018	0.39078408	0.15506408	0.11159174	0.10222316	0.088319845
1526707962631	0.49612728	0.04790929	0.53339005	1.0021157	-1.9319147	-7.147006	-2.814828	0.39417946	1.3377934	0.2269114	0.39473015	0.16845651	0.11400436	0.106154986	0.0899392
1526707962652	0.66008353	0.5003859	0.29171434	1.5548525	-0.9560449	-4.4973598	-1.860363	-0.4584638	3.9673471	0.2083444	0.39015454	0.20805186	0.11617635	0.11007168	0.091818035
1526707962673	0.65050167	0.66540676	0.1820553	1.6690954	-0.44397336	-3.1103613	-1.02432	-1.0725441	5.8747396	0.1980901	0.37941748	0.2668629	0.118210725	0.11392371	0.09419518
1526707962693	0.65050167	0.66540676	0.1820553	1.3467097	-0.7416358	-3.5790713	-0.85864335	-1.0121938	6.323368	0.18949437	0.36928457	0.3301651	0.120150745	0.11767128	0.097183555
1526707962714	0.5568124	0.61004496	0.1990897	0.4289595	-1.4092371	-5.559131	-1.2860229	-0.17286013	5.1982512	0.17665946	0.36755937	0.38204527	0.12197791	0.12134825	0.100737594
1526707962735	0.50357985	0.48335147	0.22783528	-0.16832215	-1.7037374	-7.2043986	-1.7053621	0.8862452	3.5123892	0.15958737	0.37643144	0.4172072	0.12366097	0.12507223	0.10473818
1526707962755	0.54935986	0.5003859	0.16289158	-0.51843876	-1.9819456	-7.596585	-1.9279629	1.5474107	2.5716	0.14028685	0.3919223	0.44295108	0.12516196	0.12891816	0.109043635
1526707962776	0.6217561	0.7282212	-0.0010646508	-0.7901065	-2.465207	-7.1757026	-2.2317383	1.9261289	2.635972	0.118013404	0.41114566	0.4692589	0.12645093	0.13292558	0.11359571
1526707962797	0.73780304	1.0029011	-0.18311994	-0.95272356	-2.6117337	-7.8644185	-2.465891	2.2537518	2.5426335	0.09332778	0.4337076	0.49471277	0.12750877	0.13715443	0.11842079
1526707962817	0.83681554	1.1327885	-0.38220966	-0.80688715	-2.4889421	-9.806217	-2.3964648	2.5634353	1.2494154	0.06941032	0.4592915	0.5071823	0.12832086	0.14161064	0.1234204
1526707962838	0.85917324	1.1253359	-0.603657	-0.2815365	-1.8152653	-11.987153	-1.9132414	2.6553206	-0.8329029	0.050257176	0.48587346	0.49884424	0.12891984	0.14634158	0.12845598
1526707962859	0.8687551	1.1711159	-0.79848814	0.515681	-1.9364873	-13.278497	-1.5579158	2.4264472	-2.649869	0.03466114	0.5101642	0.47231683	0.1293449	0.15132716	0.13331705
1526707962879	0.93156946	1.3553005	-0.9241169	1.7253534	-3.3320446	-12.551518	-2.2919521	1.7583201	-3.1226254	0.011786742	0.52771276	0.44115207	0.12957668	0.15650633	0.13787541
1526707962900	1.0497457	1.6715019	-0.96563834	2.796111	-4.3466434	-10.0357895	-3.56735	0.6761086	-1.8016882	-0.023925403	0.53448117	0.42311567	0.12951593	0.16182305	0.14220142
1526707962921	1.0188708	1.9791859	-1.009289	4.219654	-4.1123147	-8.954887	-4.0966425	-0.6313033	-0.3730688	-0.064936206	0.5281613	0.41938093	0.12907115	0.16714202	0.14641847
1526707962941	0.57065284	1.9600222	-1.1061722	5.2018466	-2.5941825	-9.901873	-3.3277788	-1.6912644	-0.6189318	-0.09814848	0.51128197	0.4132038	0.12825733	0.17232901	0.1505732
1526707962962	-0.28426176	1.5405498	-1.1530168	4.9489417	-0.3973076	-12.092374	-1.4392233	-1.7217785	-2.200716	-0.1125563	0.49404553	0.3911728	0.12720267	0.17736109	0.15459943
1526707962982	-1.2307364	0.9762848	-1.0699741	4.2086716	0.83817106	-14.254179	0.36831865	-0.77723205	-4.12788	-0.10886913	0.4862648	0.34984928	0.12609434	0.18226795	0.15830855
1526707963003	-2.0047376	0.42692497	-0.83894485	3.2841218	1.1469655	-15.248992	1.1232984	0.4510672	-5.409155	-0.09765826	0.49076658	0.29586422	0.12506373	0.18714349	0.16153076
1526707963023	-2.4199514	-0.087301366	-0.539778	1.7561834	1.1168538	-15.535956	1.1637212	1.851212	-5.6895094	-0.086008444	0.50929874	0.2389075	0.124144405	0.19214924	0.16420752
1526707963044	-2.427404	-0.64837235	-0.30555478	-0.14257982	1.0422513	-17.009045	1.0394386	3.7426364	-6.066162	-0.0756028	0.5467656	0.17818016	0.12333547	0.19743527	0.16629522
1526707963065	-2.1314309	-1.3116498	-0.19802506	-1.3954215	0.2605096	-18.969975	0.48633912	5.7039986	-7.2876368	-0.070748985	0.6036933	0.105447285	0.12260515	0.20317625	0.16771056
1526707963086	-1.5405498	-1.8940139	-0.21825342	-1.8923054	-0.26651907	-19.601297	-0.40838465	6.7882237	-8.325873	-0.07483725	0.6716491	0.022098355	0.12187643	0.20955986	0.16834898
1526707963107	-0.6962817	-2.1431422	-0.35346407	-1.4489069	-0.55322313	-18.04212	-1.0539417	6.4495363	-7.936557	-0.08538809	0.73621434	-0.0573532	0.12107444	0.2166068	0.16817252
1526707963128	0.1277581	-2.0132546	-0.53871334	-0.89419943	-0.5099821	-15.325516	-1.2691619	5.1421366	-6.075981	-0.09805472	0.7875345	-0.117993385	0.12015903	0.22421055	0.16729751
1526707963150	0.65050167	-1.655532	-0.6728593	-0.5729004	-0.53095376	-12.159332	-1.1678035	3.7864962	-3.3942385	-0.10974541	0.82544047	-0.15197255	0.11911891	0.23228416	0.16594622
1526707963171	0.8517207	-1.277581	-0.71118677	-0.37800747	-0.5812101	-9.127066	-1.0246503	2.7121868	-0.472497	-0.119971745	0.85250896	-0.15668821	0.11797258	0.24065739	0.16440596
1526707963192	0.8378802	-0.96670294	-0.6760533	-0.4189226	-0.509925	-6.5061164	-0.82774854	1.9722904	2.2452269	-0.1282582	0.87225324	-0.13421161	0.11673009	0.24929054	0.16294987
1526707963213	0.6143035	-0.7218333	-0.62814397	-0.68168926	-0.6810931	-4.7078013	-0.7026203	1.6595042	4.421929	-0.13529201	0.88886625	-0.08994442	0.11541091	0.25810567	0.16182788
1526707963235	0.21931808	-0.55894166	-0.58555794	-0.9754234	-0.48546615	-3.7416847	-0.5531784	1.6484002	5.8122845	-0.1408129	0.9053178	-0.031936012	0.1140331	0.2670589	0.16121967
1526707963256	-0.20015436	-0.47270498	-0.59620446	-1.1646984	0.25841036	-3.502547	-0.015513539	1.6577414	6.3984404	-0.1409682	0.92191315	0.03211771	0.11262267	0.27620497	0.16122058
1526707963277	-0.48335147	-0.4503473	-0.6579542	-1.2110238	1.3029566	-3.9999535	0.863983	1.5778619	6.208228	-0.13231902	0.93770885	0.09426725	0.11125475	0.28551316	0.1618532
1526707963298	-0.5312608	-0.46525243	-0.68882906	-0.9540614	1.9175383	-4.784325	1.5926342	1.3721764	5.477854	-0.11642403	0.9514036	0.14893794	0.110013485	0.2949401	0.16306682
1526707963319	-0.37582174	-0.44715336	-0.6345319	-0.86432326	1.8865478	-5.2339044	1.7780133	1.2106948	4.8038936	-0.09862463	0.9635237	0.19702892	0.10893708	0.30452514	0.16479853
1526707963339	-0.1320167	-0.33536503	-0.51529104	-0.6501717	1.6497289	-5.0138974	1.5888364	1.0893742	4.671758	-0.08271906	0.97442925	0.24379711	0.10802937	0.3142254	0.16700505
1526707963360	0.11711159	-0.12669346	-0.381145	-0.29322273	1.092476	-4.191264	1.1621048	0.8148651	5.1821957	-0.07112089	0.9825619	0.29551703	0.10726169	0.3239911	0.16969632
1526707963381	0.30449015	0.119240895	-0.25232226	-0.1232608	0.41326815	-3.0338373	0.5655539	0.5583308	6.184323	-0.06545922	0.98815125	0.35742724	0.106578045	0.33385533	0.17296457
1526707963402	0.36517525	0.32258922	-0.13308136	0.04144104	-0.010855518	-2.2399	0.058080524	0.3897532	7.1784925	-0.064877786	0.99205303	0.42928994	0.10592566	0.34376708	0.17690241
1526707963422	0.28319713	0.41840777	-0.055361845	-0.20160602	0.34972742	-2.4599068	0.064363584	0.39785665	7.4721174	-0.06423542	0.9960238	0.503864	0.10528136	0.35368788	0.181559
1526707963443	0.005323254	0.39498547	-0.010646508	-0.85400623	1.6715609	-4.4973598	0.9436834	0.8022096	6.3498106	-0.054788362	1.0040545	0.56743085	0.1046856	0.3636991	0.18692127
1526707963463	-0.44928265	0.26722735	0.036198128	-1.5548873	3.3989425	-7.242661	2.4632702	1.466855	3.9528913	-0.030204156	1.0186942	0.606882	0.10426147	0.37379295	0.19278127
1526707963484	-0.8602379	0.14159857	0.119240895	-2.2897327	4.672822	-11.107126	3.8725417	2.3518164	0.65008354	0.008563211	1.0422378	0.61338985	0.10415315	0.38410878	0.19888924
1526707963505	-1.1519523	0.11391764	0.2725506	-2.8660264	4.744868	-15.392474	4.3321667	3.551268	-3.3540087	0.051931806	1.077789	0.5798134	0.10445595	0.3947204	0.20486172
1526707963525	-1.298874	0.25871015	0.4375715	-3.8985088	4.629806	-17.305576	4.1276035	4.952917	-6.299918	0.09312658	1.1272206	0.51693827	0.10517981	0.40572375	0.21033467
1526707963547	-1.0593276	0.6387905	0.48441613	-3.4286768	4.1441154	-17.334272	3.6522458	5.6115932	-7.1699686	0.1296886	1.1833973	0.44516093	0.106295094	0.41728935	0.21515039
1526707963568	-0.36623988	1.1072369	0.42266637	-1.6151197	3.798109	-14.416793	3.0087092	4.528525	-5.849745	0.1598083	1.2287316	0.3866001	0.10774415	0.42936304	0.2193137
1526707963588	0.5344547	1.5064809	0.34494686	-0.57890224	4.33557	-10.093183	3.1173425	2.6119328	-2.509386	0.19092035	1.2547995	0.36155564	0.10949434	0.44175625	0.22304711
1526707963609	1.1295946	1.530968	0.28745574	0.58114636	4.409914	-8.667922	3.513794	1.0451931	0.113446236	0.22609636	1.2652627	0.3626913	0.11158168	0.4543702	0.22667226
1526707963630	1.3712703	1.0039657	0.3981794	1.7498018	2.4342473	-9.586211	2.4848428	0.1896022	0.28844166	0.2509717	1.2671608	0.36557886	0.11396961	0.46704602	0.23031756
1526707963650	1.5384204	0.31087804	0.6696654	1.8135421	-0.46633682	-10.772334	0.08082795	0.4150704	-0.58960056	0.2517784	1.2713033	0.35969445	0.11647841	0.47971335	0.23393679
1526707963671	1.5927176	-0.16608553	0.8581086	2.0275848	-1.9642305	-11.365396	-1.9457333	0.9348107	-1.3031416	0.23229998	1.2806616	0.3466489	0.118901424	0.49248698	0.23747233
1526707963692	1.3393308	-0.40669662	0.84533274	2.1960113	-2.3506253	-12.39847	-2.7534842	1.0561854	-2.1055765	0.20473531	1.2912349	0.32557034	0.12108897	0.5053604	0.24083707
1526707963713	0.64624304	-0.53871334	0.7452556	2.0860612	-1.7694637	-14.081999	-2.5597396	1.2022625	-3.476119	0.17918831	1.3032339	0.29087758	0.12300481	0.5183072	0.24391323
1526707963734	-0.36943385	-0.5653296	0.6749886	1.9601117	-0.23653856	-14.053303	-1.4943836	1.18662	-4.326235	0.16422829	1.315113	0.24756837	0.124723755	0.53141314	0.24660838
1526707963755	-1.3286842	-0.44928265	0.66327745	1.6854839	1.2029926	-13.689814	-0.11386955	0.9949948	-4.1734343	0.16308837	1.3250737	0.2057888	0.12636212	0.5446284	0.24887761
1526707963776	-2.1026855	-0.42692497	0.73460907	1.2743253	1.7329769	-14.27331	0.67729115	1.1525438	-4.2804985	0.16984795	1.3365765	0.1630681	0.12802352	0.55791044	0.25071827
1526707963797	-2.4838305	-0.57597613	0.8581086	1.135884	1.7332445	-15.985536	0.6000786	1.6060283	-5.3831816	0.17585523	1.3526541	0.10917797	0.1297539	0.57137114	0.25208098
1526707963818	-2.3401024	-0.67392397	0.95392716	0.79483926	1.7082077	-17.095135	0.15374911	2.1110168	-6.726924	0.1773897	1.3737227	0.042041175	0.13151665	0.5849762	0.25283557
1526707963839	-1.7055707	-0.5046445	1.0114183	0.97451675	0.6518577	-15.258557	-0.6449809	2.1696863	-6.2864733	0.1709329	1.3954431	-0.020891666	0.13326015	0.598837	0.25294143
1526707963860	-0.7335444	-0.09368927	1.0039657	1.7658699	-0.2281223	-10.734072	-1.4936965	1.1922516	-3.1337223	0.15597975	1.4073786	-0.052262835	0.13489649	0.6128663	0.25257525
1526707963880	0.20973621	0.26935667	0.84746206	2.2708929	0.12105174	-6.0182757	-1.336226	-0.30267245	1.2870922	0.1426438	1.4043578	-0.039417256	0.13638666	0.6268973	0.25211775
1526707963901	0.83681554	0.2640334	0.6260147	3.2386887	0.85042715	-3.1773198	-0.42664778	-1.8185694	4.747875	0.13837269	1.3861524	0.0081129335	0.13779327	0.64086497	0.25196105
1526707963922	1.1125602	-0.104335785	0.5110324	3.7241333	1.7138715	-1.9529349	0.53220516	-3.0196333	6.4909525	0.14370051	1.3559233	0.07309277	0.13920517	0.6545902	0.25236753
1526707963944	1.1157541	-0.62282073	0.5291315	3.408265	2.1922224	-3.2825406	1.2327294	-3.1810894	6.3644876	0.15600353	1.324175	0.13661236	0.14070074	0.6679643	0.25341398
1526707963964	0.91985834	-1.0880731	0.6866998	3.0126321	1.3797486	-5.645221	1.0086927	-2.5047112	4.6734	0.1661014	1.2991008	0.18339698	0.14231302	0.6810949	0.25501576
1526707963985	0.6579542	-1.2701285	0.90495324	2.236723	0.11133392	-7.8165913	-0.07290819	-1.490969	2.6785197	0.16537152	1.2841749	0.21021119	0.14397217	0.6940253	0.25698593
1526707964006	0.47270498	-1.1232066	1.006095	1.6271816	-0.8566788	-9.01228	-1.1769208	-0.51945406	1.2452297	0.15362549	1.2789906	0.22263896	0.14556402	0.7068159	0.25914592
1526707964026	0.41627848	-0.7282212	0.9613797	1.3307911	-1.7516913	-9.031411	-2.0532784	0.009707451	0.7887964	0.13307047	1.2790878	0.23053546	0.14699905	0.71962017	0.26141423
1526707964047	0.4418301	-0.19376646	0.79848814	1.3912613	-2.0001075	-7.433971	-2.5146194	-0.001889348	1.619071	0.107897036	1.2790688	0.24674371	0.14820519	0.7324248	0.2638032
1526707964068	0.52380824	0.31087804	0.5451012	1.6174355	-1.5616657	-5.5782623	-2.2804608	-0.4134234	3.2829638	0.08513732	1.2749428	0.2795087	0.14916846	0.7451697	0.2664293
1526707964089	0.68776447	0.6153682	0.2991669	1.9924818	-1.2011952	-4.0573463	-1.767837	-0.9688988	4.8620977	0.0674398	1.2652433	0.32818237	0.14993218	0.7578844	0.26947105
1526707964110	0.91134113	0.73780304	0.1298874	2.2585886	-1.2135679	-2.8233962	-1.5118768	-1.4817221	6.1405325	0.052350797	1.2504553	0.3894668	0.15052995	0.77043813	0.27305225
1526707964131	1.1253359	0.759096	0.02555162	2.2467365	-1.5535594	-2.3164244	-1.6277701	-1.7101121	6.9602575	0.03605546	1.2333356	0.45914477	0.15097246	0.78287053	0.2772999
1526707964152	1.274387	0.69415236	-0.033004176	2.0824158	-2.3065424	-2.4790378	-2.1296816	-1.5935564	7.131464	0.014735574	1.2173828	0.53053665	0.15122668	0.7951374	0.28225368
1526707964172	1.3510419	0.5802347	-0.09688323	1.9069133	-3.1210933	-3.4642851	-2.8706975	-1.2501843	6.5756674	-0.013914885	1.2049055	0.59616387	0.15123078	0.807225	0.2878761
1526707964193	1.2935507	0.47164032	-0.20760691	1.5588076	-3.5813155	-5.826966	-3.436957	-0.62082624	4.9401255	-0.048321687	1.1986905	0.6456186	0.15091926	0.819256	0.29409173
1526707964213	1.0210001	0.40456733	-0.35346407	1.2651539	-3.9360294	-9.806217	-3.7114134	0.34015983	1.8414917	-0.085476026	1.2020959	0.6640535	0.15024954	0.83127296	0.3006472
1526707964234	0.603657	0.47802824	-0.5089031	0.9817552	-4.3895135	-14.445489	-3.9229884	1.5142157	-2.366107	-0.12462868	1.2172083	0.64043903	0.14920108	0.84334564	0.30715683
1526707964255	0.120305546	0.88472486	-0.6781826	0.5142996	-4.5790224	-17.802982	-4.0520105	2.7892146	-6.2180376	-0.16519268	1.2451307	0.5781913	0.14775041	0.8556707	0.3132566
1526707964276	-0.2448697	1.6661786	-0.91347045	1.1959505	-3.7023268	-17.649935	-3.6699376	3.2100747	-7.768153	-0.20193182	1.2772661	0.5004256	0.1459128	0.8682963	0.31865552
1526707964299	-0.39605013	2.5679379	-1.146629	2.560767	-2.8628004	-13.8046	-3.0042892	2.0664477	-5.976207	-0.23191556	1.29789	0.44078118	0.14374784	0.8811467	0.32335228
1526707964322	-0.57065284	3.0906813	-1.1977322	3.8643615	-2.443822	-10.265362	-2.674121	0.25879133	-2.6706305	-0.25868574	1.3004807	0.41404593	0.14129217	0.89415264	0.32763106
1526707964344	-0.91453505	2.896915	-1.1391764	4.936371	-1.6977228	-9.614907	-2.370789	-1.1062148	-0.96845245	-0.28241932	1.2894065	0.4043509	0.13858372	0.9071161	0.33172747
1526707964365	-1.140241	2.2144737	-1.0380346	5.333118	-1.4847517	-10.724506	-2.103024	-1.4721714	-1.4182024	-0.30340815	1.2747138	0.3901968	0.13566035	0.9199115	0.3356924
1526707964387	-1.0987197	1.4202442	-0.8943067	4.951835	-1.5676856	-11.977588	-2.1621532	-0.86990666	-2.5385122	-0.3250531	1.2660053	0.36478418	0.13251464	0.93262887	0.3394714
1526707964408	-0.91666436	0.695217	-0.80807	4.1443133	-1.9914899	-12.886311	-2.4576674	0.24228573	-3.3289328	-0.3496564	1.2684307	0.3314588	0.12913744	0.94531476	0.3429564
1526707964429	-0.7431263	0.04790929	-0.81871647	3.295649	-1.7877808	-13.948082	-2.570888	1.4409441	-3.944375	-0.37531468	1.2828118	0.2920927	0.12551972	0.95804584	0.34606802
1526707964450	-0.68350583	-0.52487284	-0.88791883	2.3405418	-0.92727333	-15.028984	-2.0392914	2.5571144	-4.665902	-0.3957297	1.3084106	0.24538314	0.12166032	0.971016	0.3487583
1526707964470	-0.7803891	-0.9794788	-0.9443453	1.5920938	0.07443615	-16.406418	-1.1496217	3.5319977	-5.614478	-0.4072033	1.3436611	0.1893489	0.11765356	0.98425025	0.35092768
1526707964491	-0.7803891	-0.9794788	-0.9443453	0.75160974	0.7405052	-18.233429	-0.40262723	4.535617	-6.9658365	-0.41123393	1.3890663	0.119615085	0.113556944	0.9979287	0.35247418
1526707964512	-0.9709616	-1.2892922	-0.91666436	-0.005165428	0.9464371	-18.883884	-0.06953406	5.442006	-7.9748545	-0.41193002	1.4435453	0.039780162	0.10943667	1.0121071	0.35327202
1526707964533	-1.073168	-1.3680763	-0.82191044	-0.26982749	0.8316673	-17.219486	-0.12568039	5.558326	-7.4036493	-0.41318434	1.4990191	-0.03411057	0.10531922	1.026791	0.3533003
1526707964553	-0.96244437	-1.1860211	-0.7218333	-0.24496666	0.42046624	-14.034171	-0.41270316	4.809618	-5.082571	-0.41731584	1.5471674	-0.084991336	0.10116222	1.0420384	0.35270414
1526707964574	-0.70054024	-0.90814716	-0.63985515	-0.2694739	0.2124999	-10.236665	-0.59733033	3.7188208	-1.7489004	-0.42329562	1.5843959	-0.10249928	0.09695461	1.0577133	0.35176566
1526707964595	-0.40456733	-0.73993236	-0.5781054	-0.49871355	0.041270867	-6.6878614	-0.5231977	2.7466183	1.796452	-0.42851728	1.611808	-0.084570125	0.09270392	1.0736629	0.35083216
1526707964615	-0.13521066	-0.74844956	-0.52487284	-0.8723113	-0.103455566	-5.2817316	-0.42057842	2.314972	4.24776	-0.43272763	1.6349827	-0.04204651	0.08839303	1.0899144	0.3501984
1526707964636	0.08836602	-0.9262462	-0.46418777	-1.5349755	-0.3859118	-4.698236	-0.4262727	2.530433	5.339736	-0.43699497	1.6603144	0.011408694	0.08403971	1.1064088	0.35004503
1526707964657	0.23741713	-1.1572754	-0.41095522	-2.310155	-0.74162656	-5.3391247	-0.5708149	3.23105	5.498661	-0.4426919	1.6925614	0.06628705	0.07964993	1.1231402	0.35043275
1526707964677	0.22251202	-1.2914214	-0.40030873	-2.7223067	-0.8063469	-6.7452545	-0.7295579	4.0330153	4.633712	-0.44999537	1.7329352	0.11267436	0.07518166	1.1402862	0.35132852
1526707964698	0.04790929	-1.2435122	-0.46418777	-2.5476663	-0.64164937	-7.9792047	-0.78350985	4.38037	3.3261585	-0.45783895	1.7767863	0.14597198	0.07063758	1.1578538	0.35262316
1526707964719	-0.14479251	-0.98267275	-0.5866226	-2.110373	-0.44306684	-8.227908	-0.7679144	4.150436	2.4765468	-0.46550298	1.8182089	0.17068869	0.06602996	1.1757934	0.35420334
1526707964739	-0.20228367	-0.5110324	-0.7122514	-1.4118156	-0.054966044	-6.8791714	-0.5833376	3.3769584	2.8323526	-0.47134268	1.8520151	0.1990429	0.061340656	1.1941644	0.356054
1526707964760	-0.059620447	0.09581858	-0.80168205	-0.57087666	0.34968495	-4.229526	-0.19054644	2.1080885	4.5621996	-0.4732444	1.8730545	0.24457508	0.05662702	1.212753	0.35826772
1526707964781	0.19376646	0.67392397	-0.81765187	-0.05158077	1.0417544	-1.2450873	0.4620823	0.7267194	7.087328	-0.46861857	1.8803296	0.31552514	0.051912606	1.2315403	0.36107126
1526707964803	0.45354125	1.055069	-0.74419093	0.33117512	0.94809276	0.8019314	0.8884299	-0.32831556	9.397588	-0.45972463	1.8770429	0.40960282	0.04726586	1.2503475	0.36470082
1526707964824	0.62814397	1.1657927	-0.582364	0.5387762	0.7734098	1.9497924	0.8220943	-0.9521688	10.906542	-0.45151988	1.86754	0.5184535	0.042718608	1.2690336	0.36933196
1526707964845	0.5685235	1.0454872	-0.38646826	0.27657264	1.3530633	1.7489167	1.0498662	-1.1088791	11.340727	-0.44100985	1.8564392	0.6319836	0.038251124	1.2876736	0.37509036
1526707964866	0.2512576	0.7644193	-0.23422319	-0.20544666	2.6968837	0.25669742	1.9994259	-0.81487405	10.468057	-0.42099392	1.8482816	0.73677754	0.033936437	1.3062173	0.3819416
1526707964887	-0.12456415	0.38646826	-0.10646509	-0.94006693	3.8260367	-2.201638	3.2083528	-0.073693186	8.525463	-0.38897356	1.8475461	0.8218643	0.029894574	1.3246601	0.38971946
1526707964909	-0.34920546	0.0021293017	0.06387905	-2.054227	4.457652	-5.119118	4.1135387	1.2553562	6.0154777	-0.3477936	1.8601133	0.88208425	0.026206747	1.3432184	0.39824843
1526707964930	-0.37795106	-0.30981338	0.27893853	-2.7966847	4.2731056	-7.558323	4.3700376	2.7639513	3.601347	-0.3040459	1.8877827	0.9181367	0.022944018	1.3619782	0.4072593
1526707964953	-0.20228367	-0.49293333	0.45992917	-2.8187523	3.8034148	-9.911438	3.941565	3.8213525	1.4087458	-0.26470783	1.925921	0.93219644	0.020105848	1.3810091	0.41649273
1526707964974	0.12669346	-0.54723054	0.5568124	-1.8730555	2.247788	-12.379339	2.620144	4.233987	-0.8853226	-0.238478	1.9683067	0.92333364	0.017587192	1.4005014	0.42578045
1526707964996	0.43118358	-0.5067738	0.57065284	-0.8566413	1.3926752	-13.82373	1.0423074	4.0534773	-2.8271723	-0.22804365	2.0088854	0.8950313	0.015252057	1.4204088	0.4348821
1526707965018	0.5919459	-0.36730453	0.48654544	-0.14095877	1.9152584	-14.01504	0.62985927	3.4206004	-3.7924452	-0.22175746	2.043024	0.8571815	0.01300748	1.4406285	0.44362593
1526707965038	0.5376487	-0.20334831	0.30236083	0.7169556	2.5324762	-14.311572	1.0169511	2.5489998	-4.2792177	-0.21157692	2.0685418	0.814343	0.01083846	1.4612086	0.4519926
1526707965060	0.32578316	-0.21186551	0.17247343	1.5041758	1.734847	-15.689005	0.70962673	1.9502026	-5.255725	-0.20447297	2.088065	0.76172876	0.008755958	1.4820142	0.45988148
1526707965081	0.20015436	-0.45567057	0.21825342	1.6396548	0.34292662	-17.812548	-0.5569817	2.1213841	-6.9197016	-0.21003182	2.109237	0.69266796	0.006687514	1.5029594	0.46713915
1526707965102	0.20441297	-0.77187186	0.29277897	1.3082516	-0.48020452	-20.385668	-1.7489522	2.8929818	-9.062446	-0.22754028	2.1381981	0.60194534	0.004497283	1.5242195	0.47361922
1526707965122	0.134146	-0.96670294	0.24167573	1.6831437	-0.1768376	-22.38486	-2.168934	3.2568114	-11.284688	-0.24918693	2.1707022	0.48932064	0.0021183398	1.5457217	0.47906482
1526707965143	-0.17779669	-0.93156946	0.072396256	2.2393658	1.572005	-22.920528	-1.4389791	2.6454177	-12.752952	-0.2635923	2.197185	0.36165297	-4.483338E-4	1.5675848	0.4833243
1526707965163	-0.6973463	-0.7037342	-0.105400436	2.4954088	3.6320105	-22.250942	0.16125357	1.6500524	-13.006461	-0.26197803	2.2137034	0.23144746	-0.0030790323	1.589663	0.48629302
1526707965184	-1.2222191	-0.43970078	-0.13095206	2.1808887	4.4460955	-21.351786	1.3783312	1.1185431	-12.432998	-0.24822186	2.2248669	0.107362255	-0.0056250095	1.6118122	0.48798373
1526707965206	-1.5969763	-0.3076841	0.028745573	1.5857037	3.9104164	-20.060442	1.4197131	1.3052905	-11.323705	-0.23400936	2.2379339	-0.005997449	-0.008038778	1.6341504	0.48849112
1526707965228	-1.6821483	-0.30555478	0.22570598	1.1646446	2.6610234	-18.711706	0.50224304	1.762686	-9.826217	-0.22898148	2.25558	-0.104366064	-0.01035624	1.6566423	0.4879387
1526707965252	-1.436214	-0.35452873	0.31513664	1.0336694	1.3745319	-17.181225	-0.7577801	2.043044	-8.162595	-0.23654436	2.2759702	-0.18583131	-0.012679286	1.6792555	0.48649058
1526707965274	-0.93689275	-0.35452873	0.27680922	0.97429514	0.38508222	-15.29682	-1.7925205	2.037641	-6.2696238	-0.25448897	2.2963686	-0.24859546	-0.015137113	1.702142	0.48431608
1526707965299	-0.27148595	-0.25019294	0.17353809	1.3727441	-0.13477077	-12.838483	-2.3281431	1.5881522	-4.037898	-0.27779564	2.3122673	-0.28901818	-0.017801419	1.7252102	0.4816251
1526707965323	0.36198127	-0.04897394	0.04152138	2.075279	-0.4328136	-9.854045	-2.4355154	0.5986998	-1.4086008	-0.30210283	2.3182425	-0.30307645	-0.020695202	1.7483171	0.47867048
1526707965343	0.75270814	0.21080087	-0.072396256	2.6292858	-0.14794645	-6.4678545	-2.0621657	-0.6210547	1.5730848	-0.32274684	2.3120253	-0.28732854	-0.023822835	1.7714936	0.47571525
1526707965364	0.8687551	0.46738172	-0.14372787	3.123777	0.17422657	-3.2251475	-1.3690721	-1.8179677	4.636321	-0.3364524	2.2938259	-0.2409151	-0.0271224	1.7945478	0.47307116
1526707965385	0.8144579	0.5919459	-0.14053391	3.3432138	0.061369225	-1.2068253	-0.9700111	-2.6813989	7.098074	-0.3461334	2.2670646	-0.17007412	-0.03052861	1.8173074	0.47102025
1526707965407	0.73247975	0.5174203	-0.0606851	3.3353372	-0.43896863	-0.42245364	-1.1031141	-2.9838243	8.475873	-0.3571765	2.237194	-0.08522357	-0.03404897	1.839853	0.4697424
1526707965429	0.70054024	0.31300735	0.021293016	3.1778386	-0.83111054	-0.75724643	-1.4803525	-2.8465824	8.764521	-0.3719509	2.2087843	0.002249077	-0.03768743	1.8620392	0.46932834
1526707965452	0.75696677	0.11711159	0.030874874	3.1937048	-0.6552386	-1.6851007	-1.6289277	-2.6244552	8.167533	-0.38825783	2.1825113	0.08401288	-0.04149259	1.8840195	0.46976012
1526707965474	0.85278535	0.023422318	-0.03939208	3.2886574	0.054959603	-2.3929484	-1.2873057	-2.6103797	7.28932	-0.40114483	2.1563792	0.15698504	-0.045443878	1.9057374	0.47096643
1526707965498	0.92837554	0.09155997	-0.11391764	3.3249795	0.6827832	-2.4886034	-0.68029946	-2.7441132	6.7893486	-0.40793443	2.128992	0.22474486	-0.04948131	1.9271221	0.47287133
1526707965519	0.97522014	0.28852037	-0.11072369	3.2553706	0.6760542	-1.9720658	-0.3415103	-2.8410244	6.9528437	-0.41135323	2.1005511	0.29434863	-0.053582188	1.9482927	0.47546962
1526707965540	0.99970716	0.51635563	-0.021293016	3.046163	0.32809296	-1.1781287	-0.41268194	-2.7955284	7.630662	-0.41548452	2.0725656	0.3707379	-0.057720855	1.969181	0.47879866
1526707965562	0.99225456	0.68776447	0.085172065	2.723435	-0.19071688	-0.28853655	-0.6989845	-2.6075122	8.534518	-0.42246062	2.0465417	0.45591506	-0.061902333	1.989736	0.48292378
1526707965583	1.0167415	0.7271565	0.17247343	2.4694545	-0.75076115	0.017559718	-1.1086388	-2.326345	9.206394	-0.433559	2.023253	0.5480788	-0.06618707	2.010107	0.4879492
1526707965604	1.0848792	0.60259235	0.21931808	2.1301172	-1.390431	-0.3172331	-1.609525	-1.8976772	9.280625	-0.4496717	2.0042555	0.64098555	-0.070608005	2.0302663	0.49390095
1526707965624	1.1242713	0.34068826	0.22251202	1.6521811	-1.9213367	-1.6659696	-2.0876915	-1.1894832	8.563249	-0.4705075	1.9923841	0.72644943	-0.07519984	2.0502102	0.5007247
1526707965645	1.0880731	0.01277581	0.19376646	0.8478727	-2.7495332	-5.1765113	-2.600988	0.09812388	6.3417916	-0.49654555	1.9933664	0.78993607	-0.08004034	2.0701606	0.5083148
1526707965666	0.96883225	-0.28426176	0.10859439	-0.17444983	-3.3652763	-9.892307	-3.0550246	1.9891757	2.5207253	-0.5271289	2.0132797	0.81517065	-0.085164264	2.0902154	0.516349
1526707965687	0.89643604	-0.35772267	-0.07346091	-0.6692835	-3.700898	-13.861993	-3.2470312	3.6837716	-1.5887241	-0.55953526	2.0500448	0.7993147	-0.090586886	2.110492	0.52440554
1526707965707	0.91666436	-0.071331605	-0.33855897	-0.14380457	-4.4977427	-16.855997	-3.6504617	4.476904	-5.0211	-0.5960794	2.0948622	0.7490493	-0.09637122	2.131239	0.53215575
1526707965728	0.9698969	0.47376963	-0.6898937	0.33614486	-4.2974544	-16.78904	-3.8802633	4.39152	-6.576581	-0.63492405	2.138825	0.6832122	-0.1025329	2.1524303	0.5393248
1526707965749	0.97734946	1.143435	-1.1264006	2.0342855	-3.1387346	-13.775903	-3.368583	2.9959671	-5.3260136	-0.6685436	2.1687257	0.6300569	-0.10903741	2.1739256	0.54587823
1526707965769	0.89643604	1.7172818	-1.4479251	4.255505	-1.7645199	-9.643604	-2.6612825	0.25617754	-2.2984896	-0.69518524	2.1712904	0.60704714	-0.115863435	2.1956491	0.55207044
1526707965790	0.7516435	1.7811608	-1.5352265	6.3646994	-0.6042918	-8.113122	-2.103959	-2.5389256	-0.095939636	-0.7161834	2.145951	0.60608965	-0.12290639	2.217193	0.5581242
1526707965812	0.42692497	1.2541587	-1.3297489	7.570131	-0.24132188	-9.65317	-1.8275219	-4.11648	-0.5669222	-0.7344784	2.1047416	0.6004143	-0.13016756	2.2384694	0.56416327
1526707965833	-0.09475392	0.45673522	-0.9677676	6.317288	0.312322	-12.905441	-1.2352543	-3.5307012	-2.909381	-0.74684435	2.0693963	0.57128894	-0.1375822	2.2593627	0.5700281
1526707965853	-0.55894166	-0.27787387	-0.59407514	4.563313	0.24580169	-16.406418	-0.37952372	-1.343819	-5.780532	-0.7506321	2.0559845	0.5135974	-0.14505485	2.279949	0.5754419
1526707965874	-0.804876	-0.7537728	-0.25445154	2.8033023	-0.44414848	-18.99867	-0.12997133	1.1077296	-8.255769	-0.7519332	2.0670738	0.4309503	-0.1525758	2.3005865	0.58016974
1526707965894	-0.8804662	-0.98054343	-0.053232543	1.5090947	-1.2423463	-20.481323	-0.43434227	3.1459932	-9.82717	-0.7562813	2.0985677	0.33257216	-0.16012505	2.3214371	0.58399147
1526707965916	-0.82191044	-1.0156769	0.009581857	0.59257686	-2.0504873	-20.280447	-1.0338736	4.4387574	-10.166463	-0.7665997	2.1428678	0.23110771	-0.16772446	2.3426025	0.58680433
1526707965937	-0.6387905	-0.93050486	-0.044715334	0.03533408	-2.2339153	-18.989105	-1.4942598	4.9627666	-9.267896	-0.7815585	2.1925492	0.13832834	-0.17547363	2.364303	0.5886535
1526707965958	-0.33642966	-0.8336216	-0.18311994	-0.027334094	-1.8150308	-17.229052	-1.4673955	4.7368603	-7.740014	-0.7962484	2.2399693	0.06084436	-0.18337122	2.3864896	0.58965045
1526707965979	-0.027680922	-0.7367384	-0.31407198	0.40735704	-1.173716	-14.828109	-1.1458371	3.823298	-5.801425	-0.8076842	2.278127	0.002944339	-0.19137509	2.4090357	0.58996874
1526707965999	0.07346091	-0.5887519	-0.35878733	0.58481646	-0.9089749	-11.642795	-0.90010923	2.7054894	-3.1812954	-0.81669503	2.305211	-0.028903082	-0.19950579	2.4319773	0.5898388
1526707966020	0.043650683	-0.4503473	-0.32152456	0.7492563	-1.1085064	-8.046164	-1.0003729	1.768357	0.08653164	-0.8267096	2.322914	-0.02803683	-0.20773172	2.455143	0.5895538
1526707966041	-0.026616272	-0.45141196	-0.2597748	0.5367952	-1.3320926	-5.3773866	-1.2561862	1.1813991	3.162919	-0.83924675	2.3347046	0.0035300925	-0.21604511	2.4783852	0.58943146
1526707966062	-0.14159857	-0.6292086	-0.21293017	0.35336816	-1.7098036	-4.8034563	-1.5132878	1.1091917	4.803994	-0.85439605	2.3458085	0.05162208	-0.2245225	2.5018132	0.58970755
1526707966084	-0.34707618	-0.82723373	-0.18524924	0.10811801	-1.4834354	-5.195642	-1.5382261	1.2846661	4.9374056	-0.869748	2.35863	0.10089893	-0.23312625	2.525289	0.59046865
1526707966105	-0.62282073	-0.8921774	-0.22251202	-0.21333641	-0.26058778	-6.1713243	-0.7981093	1.401263	4.271998	-0.87773776	2.3726578	0.1436652	-0.24187315	2.5489712	0.5916928
1526707966126	-0.87833697	-0.804876	-0.26083946	-0.13675232	0.46518782	-7.5200605	0.091734946	1.3702508	3.0834627	-0.87681943	2.3863752	0.17453322	-0.25065544	2.572792	0.5932855
1526707966147	-1.076362	-0.5514891	-0.23209389	0.21330988	0.6215022	-8.5435705	0.3303812	1.2178855	1.843935	-0.8735221	2.39853	0.19293627	-0.2593899	2.5966694	0.59511924
1526707966168	-1.2339303	-0.119240895	-0.22357668	0.5575356	1.2497909	-8.553136	0.46737102	0.8646849	1.24088	-0.8688433	2.4071863	0.20535852	-0.26811117	2.620724	0.5971129
1526707966189	-1.2658699	0.40669662	-0.22464132	0.84493583	2.2821712	-7.7783294	1.0556995	0.2703007	1.4775934	-0.8582749	2.4098923	0.22015046	-0.2767561	2.6448355	0.59924275
1526707966210	-1.1455643	0.87940156	-0.1927018	1.1091157	3.2786415	-6.601772	1.8814123	-0.4320165	2.2625914	-0.8394978	2.4055808	0.24273182	-0.28522825	2.6688654	0.6015526
1526707966231	-0.9645737	1.2264777	-0.119240895	1.1405827	4.0587807	-4.937373	2.692883	-1.0633792	3.4941201	-0.8125398	2.3949354	0.27771088	-0.29349738	2.692894	0.6041576
1526707966252	-0.6994756	1.4138563	0.034068827	0.7361504	3.755104	-2.9955752	3.0701077	-1.2817237	5.2301106	-0.78180546	2.3821042	0.33006865	-0.30147776	2.716805	0.6071998
1526707966273	-0.34281757	1.3776581	0.22144738	0.07196978	3.479626	-1.1207356	3.105691	-1.0813153	7.210945	-0.75080967	2.3713124	0.40203613	-0.30912575	2.7405252	0.6108531
1526707966293	0.072396256	1.0870085	0.359852	-0.6250054	3.3664162	-0.92942554	3.2347012	-0.6131181	8.381384	-0.7184276	2.3651745	0.48594075	-0.3164799	2.7642334	0.6152978
1526707966314	0.072396256	1.0870085	0.359852	-0.8763345	2.5750413	-1.1494323	2.9848776	-0.010695383	8.546478	-0.6885465	2.3650675	0.5714981	-0.3235224	2.7879102	0.6205907

0.0
1526708145970	0.058555797	-0.2725506	0.16821483	0.94343084	-0.2881018	-18.309954	0.8818425	0.5343268	-8.003847	0.008827979	0.005349057	-0.08012518	4.4187713E-5	2.677426E-5	-4.0105995E-4
1526708145991	-0.052167892	-0.20015436	0.2533869	0.57817316	-0.7742579	-18.42474	0.398816	0.5960219	-8.583023	0.012820459	0.011315732	-0.16604838	1.5254715E-4	1.1018846E-4	-0.0016332612
1526708146012	-0.120305546	-0.15969762	0.27787387	0.20512867	-1.2311294	-18.40561	-0.18101948	0.6983043	-8.63863	0.011013828	0.018285027	-0.25226462	2.7148396E-4	2.5790086E-4	-0.0037207082
1526708146033	-0.11711159	-0.18524924	0.24061109	0.08049643	-1.4406797	-18.42474	-0.59254557	0.7424579	-8.645767	0.005081953	0.02571765	-0.33881596	3.5205006E-4	4.781526E-4	-0.006679313
1526708146055	-0.027680922	-0.22570598	0.15118042	0.33278412	-1.4966128	-18.204733	-0.6827316	0.5790844	-8.558805	-0.0017527593	0.031514768	-0.4244967	3.6871407E-4	7.646247E-4	-0.010500011
1526708146076	-0.027680922	-0.22570598	0.15118042	0.86495024	-1.5041687	-17.841244	-0.5378772	0.14912617	-8.292406	-0.0071209418	0.03300309	-0.5072575	3.244329E-4	0.0010865788	-0.01514961
1526708146098	0.11391764	-0.24061109	0.03726278	1.5665419	-1.2234275	-16.980349	-0.1438351	-0.42821127	-7.706133	-0.008560851	0.02871634	-0.5844023	2.45939E-4	0.0013955103	-0.020613823
1526708146121	0.23741713	-0.1905725	-0.072396256	2.2204149	-0.46258736	-15.363778	0.616449	-0.9258044	-6.47167	-0.0023896834	0.019448267	-0.6491891	1.9112702E-4	0.0016365942	-0.026788462
1526708146142	0.24380504	-0.052167892	-0.16608553	2.7963593	0.44441748	-13.125448	1.6010287	-1.2641482	-4.524699	0.013589083	0.006831673	-0.694347	2.4701378E-4	0.0017677352	-0.033492915
1526708146163	0.103271134	0.1277581	-0.20334831	3.0944943	1.2086176	-10.887119	2.4721725	-1.4523667	-2.2597923	0.03833759	-0.007707727	-0.71696943	5.069284E-4	0.0017633502	-0.040557142
1526708146184	-0.17460273	0.27148595	-0.14159857	3.296116	1.4010822	-8.744446	2.9117675	-1.6196296	-0.06393051	0.06748681	-0.023921568	-0.7176094	0.0010366236	0.0016050325	-0.047737807
1526708146205	-0.5632003	0.31726596	0.014905112	2.8293421	1.2345754	-7.845288	2.7705607	-1.5962569	1.4455605	0.09513787	-0.03985271	-0.7031823	0.0018481462	0.0012867888	-0.05482778
1526708146226	-0.8602379	0.23741713	0.20228367	2.50089	0.6258349	-5.9800134	2.1575725	-1.5028951	2.8058958	0.11673697	-0.05489794	-0.67509294	0.002908668	8.1252237E-4	-0.061726622
1526708146247	-1.0082244	0.11391764	0.3768864	2.1524525	0.53683466	-4.832153	1.6135089	-1.463378	4.2954345	0.13284029	-0.06950291	-0.6322231	0.0041540973	1.9174267E-4	-0.068250336
1526708146269	-1.0742327	0.009581857	0.47483426	1.8026692	0.3958909	-4.4877944	1.3076394	-1.2639109	5.0469613	0.14593086	-0.08215571	-0.58169883	0.005549463	-5.673719E-4	-0.07432652
1526708146290	-0.9784141	-0.17566739	0.49612728	1.3304064	0.023409896	-4.7078013	0.86237895	-1.0295004	5.121782	0.154564	-0.09246187	-0.53042555	0.007053565	-0.0014414056	-0.07989317
1526708146311	-0.74632025	-0.36198127	0.5461659	0.8690813	-0.27234003	-4.8225875	0.3320189	-0.7732028	4.974798	0.15787764	-0.100178674	-0.4807755	0.008612697	-0.0024027121	-0.08493923
1526708146333	-0.4854808	-0.44076544	0.58129936	0.53735626	-0.4708709	-4.564318	-0.07674226	-0.5603331	5.0671253	0.15710938	-0.105788074	-0.43004936	0.010189338	-0.0034336615	-0.08949828
1526708146356	-0.27893853	-0.37795106	0.5600063	0.3279428	-0.75224155	-3.779947	-0.40831	-0.47577882	5.6017466	0.15302186	-0.110551015	-0.3739712	0.011741674	-0.004516529	-0.09352274
1526708146377	-0.14372787	-0.21186551	0.52487284	0.13973828	-0.9851837	-2.8425272	-0.7140815	-0.46889493	6.470688	0.1458951	-0.11523073	-0.3093917	0.013233315	-0.005643215	-0.09693283
1526708146398	-0.03726278	-0.014905112	0.48761007	0.12565823	-1.2365462	-1.7903212	-0.95853376	-0.5386894	7.4683266	0.13629937	-0.12062346	-0.23462754	0.014645816	-0.0068237633	-0.099655874
1526708146419	0.086236715	0.13946927	0.43544218	0.17039861	-1.3730962	-0.6328949	-1.1040653	-0.6898904	8.569821	0.12524676	-0.12752984	-0.1488365	0.015954964	-0.008065874	-0.10157527
1526708146440	0.22038272	0.22357668	0.36517525	0.19655477	-1.680857	0.55322814	-1.2635442	-0.8770006	9.734704	0.1126362	-0.13628258	-0.051681116	0.017142037	-0.009382339	-0.10257588
1526708146460	0.35559338	0.20654227	0.29171434	0.19254653	-1.8691438	0.94541395	-1.4640825	-1.0428827	10.514952	0.097979516	-0.1467227	0.053582318	0.018196257	-0.0107988985	-0.10256637
1526708146482	0.48335147	0.034068827	0.21186551	0.26800248	-1.9115154	0.15147685	-1.5495505	-1.1237644	10.303126	0.08246723	-0.15797251	0.1567252	0.019099468	-0.012324025	-0.10151369
1526708146502	0.56639427	-0.2512576	0.13308136	0.2922406	-1.67324	-1.560749	-1.4446084	-1.061357	9.041855	0.06804959	-0.16856518	0.24696574	0.01985057	-0.013953499	-0.09949921
1526708146523	0.5057092	-0.5046445	0.07984881	0.18590227	-1.6792268	-4.4304013	-1.349472	-0.860052	6.7492266	0.054540247	-0.17717502	0.31453112	0.020464184	-0.015684072	-0.09668869
1526708146544	0.31726596	-0.66221285	0.067073	-0.09602157	-2.195011	-8.2661705	-1.6225052	-0.6713135	3.3929877	0.03834714	-0.18387493	0.3483942	0.020927707	-0.017485768	-0.093380585
1526708146565	0.07452556	-0.6909584	0.084107414	-0.5972107	-2.6950624	-12.714131	-2.1696796	-0.43339866	-0.75390816	0.016626837	-0.18821362	0.34084693	0.021202875	-0.019348226	-0.089930646
1526708146587	-0.14159857	-0.52380824	0.055361845	-0.8791458	-2.7689319	-15.813356	-2.5242105	-0.14804666	-4.5266533	-0.008642612	-0.18969569	0.29553136	0.02124284	-0.02123982	-0.08674531
1526708146610	-0.27787387	-0.14053391	-0.086236715	-1.4272722	-2.4152758	-17.315142	-2.5687714	0.3041588	-6.8118134	-0.03427975	-0.18666008	0.22754735	0.02102865	-0.023117894	-0.08413506
1526708146632	-0.26935667	0.32258922	-0.29810223	-0.61687607	-3.0837133	-17.688196	-2.6808257	0.14155003	-7.7479935	-0.06111705	-0.18524304	0.14998347	0.02055115	-0.024979424	-0.082245365
1526708146653	0.026616272	0.68563515	-0.41414917	0.17013474	-3.4414535	-16.942087	-2.81816	-0.73460966	-7.586418	-0.08932918	-0.19259709	0.07403709	0.019798104	-0.026870672	-0.081124045
1526708146674	0.539778	0.8346863	-0.53551936	0.59342825	-2.840795	-16.779474	-2.4557881	-1.0781312	-7.150284	-0.11383872	-0.20335717	0.0026750192	0.018784264	-0.028846545	-0.08074124
1526708146695	1.073168	0.7133161	-0.71544534	1.0633571	-2.6025805	-16.74121	-1.8303733	-1.088562	-7.072277	-0.13216227	-0.21425459	-0.068124354	0.017552927	-0.030936867	-0.08106884
1526708146716	1.4756061	0.47589892	-0.77187186	1.6220343	-2.5919747	-16.540335	-1.3585048	-1.2932262	-6.997778	-0.14576204	-0.22720087	-0.13817793	0.0161618	-0.033146534	-0.08210147
1526708146736	1.6576613	0.28213248	-0.7218333	1.8128823	-2.5599504	-15.899446	-0.99847984	-1.4608129	-6.6237335	-0.15572718	-0.24178024	-0.20428485	0.014657321	-0.035486825	-0.08381041
1526708146757	1.5724893	0.14479251	-0.6121742	1.5199382	-2.4535213	-15.583784	-0.7771574	-1.2631578	-6.163332	-0.16350716	-0.2544255	-0.26598492	0.0130594205	-0.037970543	-0.08616431
1526708146779	1.1668574	0.014905112	-0.46205845	1.0843886	-2.3123188	-15.880315	-0.64944625	-0.76588196	-6.1383133	-0.17000866	-0.26209262	-0.32743454	0.011390035	-0.04055593	-0.08913462
1526708146799	0.5376487	-0.105400436	-0.3034255	0.5843215	-2.107214	-16.683819	-0.54557765	-0.1601072	-6.648409	-0.1754537	-0.26369053	-0.39378774	0.009666124	-0.043179672	-0.09273363
1526708146821	-0.07665486	-0.1841846	-0.15118042	0.2226535	-1.9194957	-17.181225	-0.47258836	0.3709399	-7.2522945	-0.18018469	-0.2599771	-0.46638924	0.0078860065	-0.045800846	-0.09703917
1526708146842	-0.55042446	-0.17460273	-0.022357667	-0.09871875	-1.7557896	-16.836866	-0.49335206	0.711535	-7.2925625	-0.1851085	-0.25287578	-0.5391713	0.0060631363	-0.04836006	-0.10205708
1526708146863	-0.875143	-0.09475392	0.072396256	-0.33816782	-1.5995362	-16.109886	-0.6021657	0.91224265	-6.7301006	-0.19113667	-0.24374346	-0.6065452	0.0041798726	-0.050845847	-0.10779186
1526708146884	-1.0167415	-0.035133477	0.1234995	-0.34369195	-1.4036508	-15.0959425	-0.67752004	0.947498	-5.8415375	-0.19791922	-0.23425822	-0.66502386	0.0022324857	-0.053238444	-0.1141566
1526708146906	-0.9986425	-0.005323254	0.13521066	-0.20992936	-0.8533429	-13.680248	-0.50646555	0.8831116	-4.606016	-0.2029739	-0.2254445	-0.71099335	2.3196638E-4	-0.055532433	-0.12102313
1526708146927	-0.8836602	0.04790929	0.118176244	0.08947967	-0.1743603	-11.35583	-0.046244852	0.75900143	-2.7129364	-0.20343685	-0.21784626	-0.7381521	-0.0018022887	-0.057751287	-0.1282767
1526708146948	-0.70905745	0.1256288	0.09794788	0.32714158	0.40196642	-8.648791	0.47213227	0.57647115	-0.18455696	-0.19871041	-0.21207531	-0.73999965	-0.0038152034	-0.059903223	-0.13567548
1526708146969	-0.46099383	0.13840461	0.103271134	0.4602355	0.78814536	-5.893924	0.8672465	0.41487554	2.550354	-0.19005503	-0.20793472	-0.7145463	-0.005755204	-0.06199914	-0.14293389
1526708146990	-0.15650368	0.017034413	0.14905111	0.44191897	0.86652136	-3.7225537	1.0306726	0.29045415	5.0124493	-0.17973714	-0.20502703	-0.66436756	-0.0076061673	-0.06406619	-0.14983593
1526708147011	0.15224507	-0.22357668	0.22464132	0.19841556	0.6439783	-2.6225204	0.8780579	0.2615339	6.647664	-0.17094705	-0.20240885	-0.5978189	-0.009361488	-0.066105574	-0.1561537
1526708147033	0.40669662	-0.5195496	0.3119427	-0.24777664	0.41709325	-2.3259897	0.5207397	0.4198784	7.3526187	-0.16574991	-0.19821833	-0.5244375	-0.011041658	-0.06810477	-0.16175392
1526708147055	0.6057863	-0.7740012	0.37582174	-0.5129818	-0.16643699	-2.8425272	0.022182167	0.5564903	7.237595	-0.16552785	-0.1926474	-0.45198312	-0.0126998415	-0.070061214	-0.16664131
1526708147076	0.7133161	-0.9070825	0.40669662	-0.68480873	-0.7604696	-3.5408094	-0.552786	0.5113871	6.600397	-0.1710617	-0.18752798	-0.38590765	-0.014384612	-0.07196415	-0.1708353
1526708147097	0.71438074	-0.8581086	0.3896622	-0.78429615	-1.2476596	-3.8469055	-1.0390797	0.39926142	6.0578337	-0.18143204	-0.18354324	-0.32544857	-0.01614361	-0.07381585	-0.17438509
1526708147118	0.63985515	-0.6206914	0.29810223	-0.6359672	-1.5696961	-3.5408094	-1.3541737	0.17846781	6.0162244	-0.19498844	-0.18175663	-0.26522115	-0.018027753	-0.07564433	-0.17734164
1526708147139	0.5259375	-0.27574456	0.15118042	-0.39625767	-1.6706462	-2.8425272	-1.4598286	-0.12259411	6.4871173	-0.20960255	-0.1829839	-0.2002797	-0.020052899	-0.077470005	-0.17967166
1526708147160	0.38646826	0.086236715	-0.019163715	0.035686724	-1.1999123	-2.0581555	-1.1799854	-0.37131152	7.23131	-0.22137918	-0.1866897	-0.12810896	-0.022203565	-0.07931473	-0.18131037
1526708147181	0.21293017	0.402438	-0.1841846	0.36398306	0.23351018	-1.0633427	-0.22296315	-0.31569546	8.193912	-0.22361122	-0.18985008	-0.04608108	-0.024430927	-0.08119947	-0.18218227
1526708147202	0.014905112	0.6238854	-0.27148595	0.782873	1.226724	-0.48941222	0.96516	-0.13674876	9.075053	-0.21397862	-0.19121487	0.044490784	-0.02661457	-0.08310104	-0.18219021
1526708147222	-0.15650368	0.67179465	-0.20441297	1.2153661	1.8520147	-1.0537771	1.8730254	-0.14807934	9.13665	-0.19522807	-0.19269727	0.13595627	-0.02866282	-0.08502268	-0.18128699
1526708147243	-0.30129617	0.582364	-0.031939525	1.3668119	1.7579579	-2.6033895	2.303547	-0.21361436	8.088897	-0.17216764	-0.19483572	0.21693286	-0.030501788	-0.08696245	-0.17952064
1526708147264	-0.41095522	0.45354125	0.17566739	0.98707604	1.1479954	-4.4877944	2.0281167	-0.14054021	6.3418813	-0.1519264	-0.19623835	0.28022683	-0.03211907	-0.08891397	-0.17703973
1526708147286	-0.44289476	0.35027012	0.34494686	0.47928947	0.57477015	-6.620903	1.3861281	0.1436511	4.301233	-0.13805011	-0.19480029	0.32328576	-0.03357052	-0.09087128	-0.17401889
1526708147308	-0.43650684	0.2725506	0.40350267	0.19385846	0.32234067	-9.2896805	0.921316	0.49324358	1.8883739	-0.12882698	-0.1898625	0.34218997	-0.03490635	-0.092796676	-0.17068791
1526708147329	-0.41734314	0.21718878	0.36623988	0.085017055	-0.24658506	-12.388905	0.54867506	0.69603354	-1.0093603	-0.12335103	-0.18291587	0.33211625	-0.036164757	-0.0946569	-0.16732302
1526708147351	-0.2991669	0.22251202	0.3034255	0.14633137	-0.85649604	-14.263744	0.06743616	0.6329422	-3.5287542	-0.12267594	-0.1765796	0.29679048	-0.037396226	-0.09645633	-0.16417508
1526708147373	-0.009581857	0.33004177	0.20760691	0.48352432	-0.86534435	-14.139392	-0.114327446	0.40182105	-4.4313526	-0.123820454	-0.17255703	0.25242895	-0.038630042	-0.0982039	-0.16142601
1526708147394	0.246999	0.42160174	0.06813765	1.5634749	-0.8628115	-13.670683	0.19657868	-0.19376582	-4.173917	-0.12185854	-0.17449087	0.21077195	-0.03985602	-0.09993572	-0.15911457

0.0
1526708149475	-0.26190412	-0.20760691	0.53871334	-0.0056877583	-0.9188478	-13.469807	0.07349104	0.046420205	-3.0704174	7.3346344E-4	4.632881E-4	-0.030643728	3.6600968E-6	2.3118798E-6	-1.5291698E-4
1526708149496	-0.27467993	0.1841846	0.48654544	0.15008476	-0.8512236	-13.288063	0.12204608	-0.022696573	-3.613985	0.0019552466	2.3607648E-4	-0.06682274	1.7118211E-5	5.812491E-6	-6.407773E-4
1526708149517	-0.23315853	0.63985515	0.43544218	0.423193	-0.89319086	-12.245422	0.073847204	-0.19710468	-3.0044117	0.0026945185	-0.0017371054	-0.0968994	4.039222E-5	-1.7007837E-6	-0.0014602747
1526708149538	-0.14905111	1.0369699	0.37156314	0.71753657	-1.3724722	-11.087996	-0.2654056	-0.42957634	-1.931221	4.568766E-5	-0.006024412	-0.11617358	5.4066277E-5	-4.043197E-5	-0.0025235421
1526708149559	-0.0042586033	1.2339303	0.30874875	1.166277	-1.9561151	-9.86361	-0.85372055	-0.765504	-0.794611	-0.008500766	-0.013687745	-0.1241283	1.1745091E-5	-1.3909953E-4	-0.0037263532
1526708149580	0.24061109	1.2232838	0.22677062	1.8539646	-2.2828646	-8.667922	-1.32316	-1.3062043	0.34811783	-0.0217467	-0.026763938	-0.12064335	-1.3965607E-4	-3.4157705E-4	-0.004951537
1526708149601	0.55042446	1.0540043	0.11178834	2.443345	-2.4905539	-8.342695	-1.541693	-1.9020635	1.0364723	-0.037133276	-0.045747127	-0.11029902	-4.3347638E-4	-7.0341857E-4	-0.0061039757
1526708149628	0.78997093	0.7431263	0.010646508	2.5704014	-2.8590972	-9.595777	-1.6983433	-2.1709394	0.50526524	-0.054135107	-0.06748004	-0.1052409	-8.9031266E-4	-0.0012701678	-0.0071828426
1526708149649	0.89324206	0.3204599	-0.034068827	2.504319	-3.4320126	-11.671492	-1.9491186	-2.0719166	-1.2197514	-0.07364741	-0.088221654	-0.117451616	-0.0015299174	-0.0020495197	-0.008297511
1526708149670	0.942216	-0.054297194	-0.033004176	2.3276107	-4.422271	-13.460241	-2.4621449	-1.8622425	-3.2312078	-0.098220386	-0.10680742	-0.14970008	-0.0023875644	-0.0030227453	-0.00963064
1526708149691	0.94753927	-0.21931808	-0.033004176	2.3629794	-5.0330176	-13.728076	-3.0393932	-1.7993519	-4.3554993	-0.12864724	-0.124820426	-0.19330224	-0.0035231314	-0.004182139	-0.01134751
1526708149712	0.88259554	-0.16502088	-0.07559021	2.5766442	-5.3329124	-12.848049	-3.3835437	-1.9994838	-4.1387806	-0.16251934	-0.14483693	-0.2347349	-0.0049805413	-0.0055318866	-0.013490014
1526708149732	0.72076863	-0.01277581	-0.16502088	2.7580674	-5.5579877	-12.216726	-3.6026208	-2.2697625	-3.4619799	-0.19847462	-0.16748987	-0.26928654	-0.006781957	-0.007090446	-0.016005158
1526708149753	0.41627848	0.06174975	-0.24167573	2.5486093	-5.1059847	-11.374961	-3.5159285	-2.2771754	-2.7385654	-0.233672	-0.1902863	-0.29670188	-0.008945031	-0.008881265	-0.018838167
1526708149774	0.04897394	0.026616272	-0.2991669	2.170161	-4.170616	-10.934947	-2.9223003	-1.945437	-2.0038662	-0.26283747	-0.20970236	-0.31670108	-0.011422691	-0.010877271	-0.021899143
1526708149794	-0.28852037	-0.11178834	-0.359852	1.7788599	-3.1222453	-10.724506	-2.0449398	-1.4886775	-1.5241604	-0.283309	-0.22460526	-0.3319592	-0.014156382	-0.013051162	-0.02514596
1526708149815	-0.53232545	-0.36943385	-0.39285615	1.1851822	-2.3543046	-11.317568	-1.2250572	-0.92440486	-1.5569134	-0.29557285	-0.23385933	-0.34754518	-0.017053926	-0.015345968	-0.028547162
1526708149836	-0.67924726	-0.6973463	-0.39179152	0.37738	-2.267682	-12.905441	-0.81232977	-0.17713419	-2.5347748	-0.30368015	-0.23562719	-0.37284303	-0.020044291	-0.01768878	-0.032142013
1526708149856	-0.7186393	-1.0348406	-0.37901568	-0.28025186	-2.5118928	-14.053303	-0.8844722	0.5192011	-3.8585625	-0.31253445	-0.23042956	-0.41147044	-0.023128703	-0.020021588	-0.03606783
1526708149877	-0.55361843	-1.234995	-0.4247957	-0.5147511	-2.6527336	-13.689814	-1.1438512	0.81991434	-4.251383	-0.32398537	-0.22222154	-0.45403033	-0.02631475	-0.022287294	-0.04040002
1526708149898	-0.22889993	-1.1966676	-0.60152775	-0.18645775	-2.25749	-12.781091	-1.1196799	0.6032671	-3.6108112	-0.33516014	-0.21620074	-0.49006736	-0.029603988	-0.02447509	-0.045111217
1526708149918	0.070266955	-1.0007718	-0.8730137	0.038481414	-1.7376039	-11.709753	-0.74652296	0.20779318	-2.588747	-0.34263346	-0.21412055	-0.51598287	-0.03299663	-0.026629027	-0.05014692
1526708149939	0.19802506	-0.7047989	-1.1114955	0.28293514	-1.0899736	-9.901873	-0.28045547	-0.09648371	-1.1005573	-0.34544104	-0.21508643	-0.52700037	-0.036440726	-0.028777387	-0.055367485
1526708149959	0.14585717	-0.30023155	-1.280775	0.8804485	-0.10582408	-7.481798	0.34374884	-0.5380248	1.0860205	-0.34201032	-0.22045608	-0.51616156	-0.039871216	-0.030950813	-0.060573027
1526708149980	-0.06813765	0.13840461	-1.4170502	1.6524465	0.888621	-4.9182425	1.0808606	-1.2131506	3.6642885	-0.33119	-0.23260073	-0.47947899	-0.043240864	-0.03321855	-0.06555662
1526708150001	-0.42798963	0.45247662	-1.460701	2.1164565	1.6406646	-3.1677544	1.7062914	-1.8277197	5.8858438	-0.31410858	-0.25089774	-0.42055678	-0.04647085	-0.035638664	-0.070061676
1526708150022	-0.83681554	0.53551936	-1.3670117	2.084713	1.9385339	-2.6607826	2.070733	-2.0551672	7.0352306	-0.293442	-0.27140895	-0.350343	-0.049502622	-0.038245056	-0.07390859
1526708150042	-1.1200126	0.38433895	-1.1732452	1.702753	1.3828925	-3.3016715	1.8955786	-1.8502966	6.9317408	-0.27446568	-0.28993195	-0.2809505	-0.05234524	-0.0410548	-0.07706848
1526708150063	-1.140241	0.0649437	-0.95818573	1.1164591	0.511737	-4.191264	1.1994927	-1.3437839	6.0996704	-0.26245776	-0.30338436	-0.2198877	-0.055032764	-0.044024594	-0.07957538
1526708150084	-0.82829833	-0.29277897	-0.8165872	0.40793675	-0.58133197	-5.62609	0.26586998	-0.6547258	4.8787584	-0.25980428	-0.30991873	-0.17119616	-0.057638932	-0.047085073	-0.08152695
1526708150104	-0.27148595	-0.5972691	-0.78997093	-0.09598108	-1.4825991	-6.8026476	-0.6597356	-0.010577321	3.5270472	-0.26640877	-0.31002462	-0.13588747	-0.060272846	-0.050188147	-0.083064035
1526708150125	0.32365385	-0.74844956	-0.86236715	-0.38872027	-1.98945	-7.22353	-1.2956924	0.39495274	2.6924248	-0.27934018	-0.30608287	-0.10901623	-0.062996216	-0.053262617	-0.084286146
1526708150146	0.74419093	-0.7037342	-1.0114183	-0.49228004	-2.2306108	-7.807026	-1.5857337	0.57760537	2.1597795	-0.29521468	-0.30030057	-0.08739504	-0.0658721	-0.05629782	-0.085269265
1526708150167	0.93156946	-0.55361843	-1.1817625	-0.23089755	-1.9381175	-8.2948675	-1.459909	0.46570215	1.6132059	-0.3098296	-0.2956385	-0.07124551	-0.0689006	-0.059280742	-0.086063325
1526708150187	0.9698969	-0.32152456	-1.3244257	0.103663035	-1.5860728	-8.33313	-1.0614016	0.12612474	1.3634624	-0.3204227	-0.29437974	-0.05763772	-0.072045654	-0.062225025	-0.086706474
1526708150208	0.88791883	0.0021293017	-1.4202442	0.44189444	-1.3563964	-8.113122	-0.73337626	-0.23024589	1.4714155	-0.32776442	-0.29668468	-0.042907625	-0.0752901	-0.06518355	-0.087209746
1526708150229	0.7047989	0.359852	-1.4372786	0.8062901	-1.2953978	-7.395709	-0.60894454	-0.5605741	1.9450941	-0.33386046	-0.3022965	-0.023435613	-0.07860181	-0.0681817	-0.08754182
1526708150249	0.4982566	0.67392397	-1.4021451	1.0072341	-1.3679419	-6.7261233	-0.6759896	-0.78217936	2.6249437	-0.34060705	-0.31010288	0.0027621482	-0.0819675	-0.07123767	-0.08764498
1526708150270	0.35452873	0.85278535	-1.3510419	1.191727	-1.5003476	-6.5635095	-0.8200796	-0.8895719	3.0143213	-0.34881672	-0.31900823	0.03293802	-0.08541836	-0.074386634	-0.087466285
1526708150291	0.3289771	0.8495914	-1.2903569	1.2923458	-1.6355962	-6.926999	-0.9396074	-0.93528867	2.8843403	-0.35822296	-0.32837126	0.06181267	-0.088957384	-0.07762704	-0.08699202
1526708150311	0.42053708	0.70266956	-1.234995	1.221273	-2.0219395	-7.950508	-1.0901568	-0.82548773	2.1532393	-0.36910307	-0.33660987	0.08330267	-0.09258685	-0.0809454	-0.086267866
1526708150332	0.62495005	0.47909287	-1.1870856	1.1776142	-2.494534	-9.079239	-1.3273561	-0.6113451	1.0245895	-0.382391	-0.34272996	0.09355967	-0.09634839	-0.08434578	-0.085382596
1526708150353	0.88472486	0.27467993	-1.1583401	1.266145	-2.8155277	-10.3418865	-1.4944017	-0.48443425	-0.22429657	-0.3973512	-0.34757954	0.09131426	-0.100251324	-0.08780107	-0.084457226
1526708150373	1.0380346	0.1362753	-1.1583401	1.4151103	-2.9448743	-11.374961	-1.4800414	-0.4954698	-1.411129	-0.4121225	-0.3525245	0.07723075	-0.104290724	-0.0912947	-0.08361616
1526708150394	1.0273881	0.084107414	-1.1444997	1.6572901	-2.6238198	-11.862802	-1.203942	-0.66517675	-2.1726074	-0.42417496	-0.35918346	0.055481143	-0.10847674	-0.0948571	-0.08295188
1526708150415	0.83894485	0.11711159	-1.0848792	1.9601889	-2.0157604	-12.092374	-0.6548646	-1.0021414	-2.4804373	-0.4307107	-0.36918515	0.030725606	-0.11274276	-0.09849177	-0.0825217
1526708150436	0.46418777	0.17566739	-0.94753927	2.1307273	-1.2926819	-12.178463	0.028132379	-1.353776	-2.548874	-0.43042907	-0.38273758	0.0052092597	-0.11705312	-0.102255456	-0.08234183
1526708150457	-0.026616272	0.20441297	-0.72076863	2.093664	-0.7721147	-12.742828	0.68416035	-1.5231616	-2.7762928	-0.42358005	-0.3979857	-0.022583745	-0.121327795	-0.1061633	-0.08242879
1526708150478	-0.5546831	0.17247343	-0.4247957	1.5378798	-0.50341743	-14.110696	1.2557988	-1.2649288	-3.6525536	-0.41104677	-0.41061008	-0.059037372	-0.1254927	-0.11019832	-0.08283609
1526708150499	-1.0540043	0.09262462	-0.12882276	0.77566344	-0.19865483	-15.851618	1.8333099	-0.60443777	-5.11197	-0.39269382	-0.416661	-0.11021245	-0.12951577	-0.11433916	-0.08368326
1526708150522	-1.393628	0.005323254	0.10220648	0.054120257	0.12607881	-17.420362	2.3858602	0.14301457	-6.6755085	-0.36880937	-0.4152293	-0.17703986	-0.13332741	-0.118503116	-0.08512108
1526708150544	-1.4521837	-0.03832743	0.23741713	-0.3390403	0.18889591	-18.128208	2.6350474	0.7307348	-7.7698402	-0.3425108	-0.40793633	-0.2545853	-0.13687702	-0.12261084	-0.08727495
1526708150568	-1.2179606	-0.033004176	0.3119427	-0.60058594	-0.075088285	-17.649935	2.4021652	1.1270876	-7.9024963	-0.31846312	-0.39665323	-0.33369586	-0.14018546	-0.12663814	-0.09021954
1526708150591	-0.7793244	-0.015969763	0.33642966	-0.53586125	-0.46848005	-16.454245	1.8368793	1.3043602	-7.1194916	-0.30007443	-0.3835955	-0.4049679	-0.1432815	-0.13054362	-0.09391686
1526708150612	-0.27361527	-0.030874874	0.30236083	-0.16214235	-0.7847789	-15.086377	1.211738	1.1375418	-5.9046764	-0.2879809	-0.37224248	-0.46389842	-0.14621599	-0.13431537	-0.09825264
1526708150641	0.15650368	-0.07452556	0.23422319	0.20955187	-0.9304357	-13.8524275	0.74882656	0.7678429	-4.661186	-0.28048453	-0.36455575	-0.51056075	-0.1490614	-0.13800335	-0.103130214
1526708150663	0.40563196	-0.09368927	0.16821483	0.64964104	-0.95176005	-12.513256	0.46957892	0.3185565	-3.4172611	-0.27578366	-0.36136672	-0.54477036	-0.15184575	-0.1416369	-0.108412586
1526708150684	0.5067738	-0.06387905	0.120305546	1.0994908	-0.8968184	-11.154954	0.28716332	-0.19437507	-2.1033	-0.2729177	-0.36330664	-0.565762	-0.15458386	-0.14525312	-0.11395431
1526708150705	0.5078384	0.0021293017	0.10752974	1.4354289	-0.89858514	-9.720128	0.11590612	-0.6520537	-0.73789024	-0.27175736	-0.36983424	-0.5731489	-0.15731019	-0.1489228	-0.119655035
1526708150725	0.43118358	0.09049532	0.134146	1.5797489	-0.97651434	-8.285301	-0.104994535	-0.9362153	0.6659832	-0.27280843	-0.37920654	-0.5664818	-0.16003597	-0.15267207	-0.12535936
1526708150746	0.3034255	0.179926	0.17034413	1.6641179	-0.97921157	-7.022654	-0.3058777	-1.0851204	1.9898386	-0.27586117	-0.39003637	-0.54662263	-0.16277392	-0.15651071	-0.13091393
1526708150767	0.16715018	0.24593434	0.1969604	1.8818319	-0.8108016	-5.8078346	-0.3974193	-1.2879887	3.2146244	-0.27983966	-0.4029302	-0.51444155	-0.16555543	-0.16047984	-0.136225
1526708150788	0.044715334	0.28639108	0.21612412	2.0840545	-0.625677	-5.023463	-0.39015397	-1.5586838	4.2083263	-0.28373352	-0.41848636	-0.47244114	-0.16836774	-0.16457884	-0.1411497
1526708150808	-0.06387905	0.30129617	0.25019294	2.2588956	-0.38286203	-4.133871	-0.32700866	-1.8118587	5.0454693	-0.28700715	-0.4366246	-0.4219318	-0.17122453	-0.16885902	-0.14562641
1526708150829	-0.14159857	0.27467993	0.31407198	2.3639042	-0.15065286	-3.4451542	-0.22678469	-2.023963	5.840591	-0.28927746	-0.45688614	-0.36346263	-0.17410909	-0.17333141	-0.14955764
1526708150850	-0.15543902	0.18311994	0.41308454	2.3489094	-0.025183037	-3.1294923	-0.12448746	-2.1224744	6.351975	-0.2905199	-0.4780691	-0.30006793	-0.17700237	-0.17799698	-0.15286876
1526708150870	-0.1277581	0.04045673	0.5429719	2.2997959	-0.01612795	-3.215582	-0.060759827	-2.1087117	6.474622	-0.29112816	-0.49917907	-0.23525158	-0.17991376	-0.18288851	-0.15554826
1526708150891	-0.10220648	-0.1234995	0.6813765	2.0037255	-0.23855835	-3.856471	-0.074685395	-1.9044724	6.116931	-0.2918758	-0.51824445	-0.174016	-0.18283194	-0.18798114	-0.15759681

