2018-05-19 13:32:44:473	1526707964473	*	*	0.0	*	*	*
2018-05-19 13:32:49:491	1526707969491	*	*	0.0	-0.11498914	-0.9933667	0.0
2018-05-19 13:32:54:509	1526707974509	229.63985	2.783485	0.0	-0.8860575	-0.46357533	0.0
2018-05-19 13:32:59:536	1526707979536	224.00873	2.215536	0.0	-0.8643776	-0.5028432	0.0
2018-05-19 13:33:04:564	1526707984564	251.01768	2.6116	0.0	-0.9198724	0.39221776	0.0
2018-05-19 13:33:09:587	1526707989587	232.93968	2.923933	0.0	-0.047974046	-0.99884856	0.0
2018-05-19 13:33:14:610	1526707994610	226.07353	2.524503	0.0	-0.6888711	-0.7248839	0.0
2018-05-19 13:33:19:635	1526707999635	232.82806	2.049751	0.0	-0.04346632	-0.9990549	0.0
2018-05-19 13:33:24:664	1526708004664	239.47386	2.496612	0.0	-0.5769642	-0.8167695	0.0
2018-05-19 13:33:29:692	1526708009692	235.75757	2.845583	0.0	0.4550264	0.89047796	0.0
2018-05-19 13:33:34:713	1526708014713	231.29152	2.626915	0.0	-0.83488494	-0.5504245	0.0
2018-05-19 13:33:39:734	1526708019734	231.34059	2.14298	0.0	-0.9918065	-0.12774925	0.0
2018-05-19 13:33:44:755	1526708024755	232.6135	2.323911	0.0	-0.3330577	0.94290644	0.0
2018-05-19 13:33:49:774	1526708029774	233.3579	2.524116	0.0	0.7985162	0.6019733	0.0
2018-05-19 13:33:54:794	1526708034794	235.6362	2.892661	0.0	0.5219352	-0.85298514	0.0
2018-05-19 13:33:59:816	1526708039816	236.25856	2.420027	0.0	-0.43670344	0.8996055	0.0
2018-05-19 13:34:04:840	1526708044840	230.30653	2.632403	0.0	-0.14368895	-0.9896229	0.0
2018-05-19 13:34:09:862	1526708049862	245.51985	2.376211	0.0	0.4103927	0.9119089	0.0
2018-05-19 13:34:14:891	1526708054891	258.13498	2.321777	0.0	-0.24488717	-0.96955156	0.0
2018-05-19 13:34:19:915	1526708059915	250.34622	2.543741	0.0	-0.9938724	-0.11053344	0.0
2018-05-19 13:34:24:936	1526708064936	254.42825	2.616028	0.0	-0.66262436	0.7489519	0.0
2018-05-19 13:34:29:954	1526708069954	254.20982	2.254138	0.0	-0.9900236	-0.1409015	0.0
2018-05-19 13:34:34:973	1526708074973	256.82114	2.716852	0.0	0.63225985	-0.77475643	0.0
2018-05-19 13:34:39:994	1526708079994	254.22508	2.655965	0.0	-0.19541684	0.9807203	0.0
2018-05-19 13:34:45:007	1526708085007	229.98328	1.522133	0.0	0.8886757	-0.45853627	0.0
2018-05-19 13:34:50:026	1526708090026	275.67172	2.415585	0.0	0.9309212	0.3652201	0.0
2018-05-19 13:34:55:046	1526708095046	264.4419	2.423963	0.0	0.19510785	-0.9807818	0.0
2018-05-19 13:35:00:066	1526708100066	262.09198	2.002012	0.0	-0.99027777	-0.13910404	0.0
2018-05-19 13:35:05:084	1526708105084	260.37616	2.157206	0.0	-0.60612327	0.79537076	0.0
2018-05-19 13:35:10:122	1526708110122	265.24567	2.283372	0.0	-0.19825457	0.9801506	0.0
2018-05-19 13:35:15:145	1526708115145	262.54837	2.258657	0.0	-0.6653627	0.7465202	0.0
2018-05-19 13:35:20:166	1526708120166	278.43262	2.265955	0.0	-0.9811529	0.1932331	0.0
2018-05-19 13:35:25:193	1526708125193	267.69043	2.310858	0.0	-0.9696906	-0.24433598	0.0
2018-05-19 13:35:30:216	1526708130216	275.04947	2.240981	0.0	0.9435067	-0.33135343	0.0
2018-05-19 13:35:35:238	1526708135238	278.44525	2.240479	0.0	0.9679016	-0.25132945	0.0
2018-05-19 13:35:40:259	1526708140259	283.59814	2.020702	0.0	-0.90205324	0.4316248	0.0
2018-05-19 13:35:45:280	1526708145280	284.37286	2.242592	0.0	0.9115241	-0.4112466	0.0
2018-05-19 13:35:50:297	1526708150297	295.2987	0.590275	0.0	-0.9936517	0.11250036	0.0
2018-05-19 13:35:55:316	1526708155316	295.2987	0.590275	0.0	-0.14151807	-0.9899357	0.0
2018-05-19 13:36:00:332	1526708160332	*	*	0.0	0.45776463	0.88907343	0.0
2018-05-19 13:36:05:347	1526708165347	287.3196	2.321073	0.0	-0.99822456	-0.059562806	0.0
2018-05-19 13:36:10:362	1526708170362	298.42603	2.000632	0.0	0.5632781	-0.82626736	0.0
2018-05-19 13:36:15:378	1526708175378	292.65338	2.189942	0.0	-0.9880226	0.15430905	0.0
2018-05-19 13:36:20:393	1526708180393	299.10748	2.070888	0.0	0.82190114	0.56963015	0.0
2018-05-19 13:36:25:406	1526708185406	305.85596	2.140979	0.0	-0.7143033	-0.69983625	0.0
2018-05-19 13:36:30:421	1526708190421	305.23825	2.280503	0.0	-0.12180335	0.99255425	0.0
2018-05-19 13:36:35:438	1526708195438	290.58917	2.623358	0.0	-0.61099297	0.791636	0.0
2018-05-19 13:36:40:462	1526708200462	301.5606	2.205477	0.0	0.9374585	-0.34809703	0.0
2018-05-19 13:36:45:494	1526708205494	305.06595	1.915212	0.0	-0.08218616	-0.99661696	0.0
2018-05-19 13:36:50:522	1526708210522	297.02542	1.881873	0.0	0.42190385	0.9066406	0.0
2018-05-19 13:36:55:561	1526708215561	302.92798	2.013756	0.0	-0.49371296	0.8696249	0.0
2018-05-19 13:37:00:601	1526708220601	303.08966	2.141002	0.0	0.48407304	-0.8750276	0.0
2018-05-19 13:37:05:633	1526708225633	268.21722	0.715246	0.0	0.71586525	-0.6982385	0.0
2018-05-19 13:37:10:656	1526708230656	124.63718	2.509019	0.0	0.865917	-0.50018764	0.0
2018-05-19 13:37:15:677	1526708235677	119.83435	1.913573	0.0	0.7977367	0.60300595	0.0
2018-05-19 13:37:20:694	1526708240694	121.0722	2.122819	0.0	-0.87511784	0.48390988	0.0
2018-05-19 13:37:25:709	1526708245709	118.654076	2.035832	0.0	0.5455127	0.8381026	0.0
2018-05-19 13:37:30:723	1526708250723	129.30675	1.813203	0.0	0.2146378	0.9766937	0.0
2018-05-19 13:37:35:752	1526708255752	125.791756	2.040008	0.0	0.9467127	0.32207933	0.0
2018-05-19 13:37:40:771	1526708260771	120.356705	2.064254	0.0	0.9876069	0.15694787	0.0
2018-05-19 13:37:45:787	1526708265787	130.17221	1.64204	0.0	-0.6007101	-0.79946697	0.0
2018-05-19 13:37:50:802	1526708270802	112.01058	1.991117	0.0	-0.8616943	-0.50742775	0.0
2018-05-19 13:37:55:816	1526708275816	111.308334	1.996002	0.0	-0.56116086	0.8277068	0.0
2018-05-19 13:38:00:834	1526708280834	114.32624	2.228193	0.0	0.4476905	0.8941886	0.0
2018-05-19 13:38:05:849	1526708285849	107.88031	1.951687	0.0	0.9680038	0.25093547	0.0
2018-05-19 13:38:10:863	1526708290863	105.325806	2.124405	0.0	0.54069555	0.84121835	0.0
2018-05-19 13:38:15:889	1526708295889	102.46332	2.262165	0.0	-0.5721172	-0.8201719	0.0
2018-05-19 13:38:20:920	1526708300920	98.921135	2.098954	0.0	0.92521006	0.37945533	0.0
2018-05-19 13:38:25:946	1526708305946	72.264206	1.69904	0.0	-0.99709123	0.07621725	0.0
2018-05-19 13:38:30:968	1526708310968	97.3276	1.784959	0.0	-0.4475413	-0.89426327	0.0
2018-05-19 13:38:35:988	1526708315988	92.09269	2.230474	0.0	-0.54222935	0.8402305	0.0
2018-05-19 13:38:41:013	1526708321013	94.75444	1.910162	0.0	-0.8305083	-0.5570063	0.0
2018-05-19 13:38:46:034	1526708326034	85.981094	1.93625	0.0	-0.27830377	0.9604931	0.0
2018-05-19 13:38:51:052	1526708331052	94.718475	1.712849	0.0	-0.85077566	0.5255291	0.0
2018-05-19 13:38:56:066	1526708336066	87.76517	1.724447	0.0	0.49121937	0.8710359	0.0
2018-05-19 13:39:01:088	1526708341088	81.42402	1.76283	0.0	0.5164406	0.856323	0.0
2018-05-19 13:39:06:105	1526708346105	78.59261	1.628997	0.0	-0.36950627	-0.92922825	0.0
2018-05-19 13:39:11:125	1526708351125	73.631004	1.997702	0.0	-0.9996853	-0.025085969	0.0
2018-05-19 13:39:16:144	1526708356144	75.66703	1.915833	0.0	-0.7633167	0.64602447	0.0
2018-05-19 13:39:21:169	1526708361169	83.058945	1.912021	0.0	-0.07769759	0.996977	0.0
2018-05-19 13:39:26:185	1526708366185	80.19655	1.7932	0.0	0.786807	-0.61719906	0.0
2018-05-19 13:39:31:204	1526708371204	66.80954	2.065713	0.0	-0.71370673	0.70044464	0.0
2018-05-19 13:39:36:222	1526708376222	81.746895	1.951176	0.0	0.14922401	0.9888034	0.0
2018-05-19 13:39:41:242	1526708381242	74.592384	2.073881	0.0	0.9625564	0.27108142	0.0
2018-05-19 13:39:46:262	1526708386262	78.47384	2.427022	0.0	-0.7662677	-0.64252144	0.0
2018-05-19 13:39:51:283	1526708391283	74.81233	2.609177	0.0	-0.39776927	0.9174855	0.0
2018-05-19 13:39:56:309	1526708396309	76.378006	2.492374	0.0	-0.57836825	-0.8157758	0.0
2018-05-19 13:40:01:330	1526708401330	54.96222	2.450184	0.0	-0.8646904	-0.50230515	0.0
2018-05-19 13:40:06:359	1526708406359	64.57051	2.42188	0.0	-0.9614335	0.27503762	0.0
2018-05-19 13:40:11:382	1526708411382	53.19488	2.329838	0.0	-0.89351547	0.44903243	0.0
2018-05-19 13:40:16:409	1526708416409	49.36557	2.089096	0.0	-0.71991587	-0.69406134	0.0
2018-05-19 13:40:21:431	1526708421431	62.800632	2.697688	0.0	-0.9962242	-0.08681766	0.0
2018-05-19 13:40:26:462	1526708426462	51.825428	2.396877	0.0	-0.69570065	0.7183318	0.0
2018-05-19 13:40:31:487	1526708431487	56.02478	2.450263	0.0	-0.8768554	0.48075423	0.0
2018-05-19 13:40:36:508	1526708436508	45.42635	2.69159	0.0	0.6088808	-0.7932617	0.0
2018-05-19 13:40:41:528	1526708441528	43.17758	2.714043	0.0	-0.8993593	0.43721032	0.0
2018-05-19 13:40:46:564	1526708446564	54.598312	2.531821	0.0	0.8972898	-0.44144195	0.0
2018-05-19 13:40:51:611	1526708451611	47.52967	2.408894	0.0	-0.42141423	0.9068683	0.0
2018-05-19 13:40:56:640	1526708456640	46.203045	2.456039	0.0	0.48497903	-0.8745258	0.0
2018-05-19 13:41:01:670	1526708461670	70.41026	1.825891	0.0	0.18503365	0.9827322	0.0
