0.0
1527044953941	-0.0010646508	0.0021293017	-0.0031939526	1.4141461	0.043512117	-9.796652	0.07566246	-0.05439657	-0.12201309	7.574442E-4	-5.4455496E-4	-0.0012214527	3.7913235E-6	-2.7257245E-6	-6.1138794E-6
1527044953964	0.0	0.0031939526	-0.0031939526	1.5805929	0.07346867	-9.5383835	0.0766279	0.059923053	0.01076889	0.0015222146	5.349581E-5	-0.0011139711	1.5167177E-5	-5.1761863E-6	-1.7768009E-5
1527044953985	0.0	0.0021293017	-0.0042586033	1.3086333	0.110154286	-9.796652	0.048306882	0.0045896173	0.018089294	0.0020058067	9.94417E-5	-9.328774E-4	3.2826392E-5	-4.4106705E-6	-2.8013339E-5
1527044954007	0.0	0.0	-0.0031939526	1.1741682	0.11957121	-9.815783	0.047687344	-0.21802533	-0.08937454	0.0024831968	-0.0020831735	-0.0018275911	5.5295724E-5	-1.4340074E-5	-4.1830634E-5
1527044954028	0.0	0.0	-0.0031939526	1.2127153	0.052980725	-9.806217	0.0806571	-0.2632751	-0.086606026	0.0032881799	-0.0047107413	-0.0026919462	8.4095795E-5	-4.824277E-5	-6.438383E-5
1527044954049	0.0021293017	0.0010646508	-0.005323254	1.2832993	0.09245758	-9.547949	0.085428864	-0.18879044	0.037958145	0.004143394	-0.006600691	-0.0023119536	1.2129392E-4	-1.048612E-4	-8.943043E-5
1527044954070	0.0031939526	0.0042586033	-0.0042586033	1.2460909	0.016708627	-9.471425	0.097123936	-0.1465193	0.20129585	0.005112721	-0.008063	-3.0296273E-4	1.6748338E-4	-1.7803532E-4	-1.0247927E-4
1527044954092	0.0021293017	0.0010646508	-0.005323254	1.1930771	0.119467825	-9.834914	0.09158726	-0.2134099	0.06588364	0.006029586	-0.010199411	3.5658735E-4	2.2325527E-4	-2.694463E-4	-1.0221086E-4
1527044954112	-0.0021293017	-0.0021293017	-0.0042586033	1.2227912	0.08174839	-9.767956	0.064459056	-0.24948871	-0.079481125	0.0066748746	-0.012697001	-4.3908966E-4	2.8684636E-4	-3.8405237E-4	-1.02623824E-4
1527044954133	0.0021293017	0.0021293017	-0.0042586033	1.2249819	0.11118809	-9.605342	0.06398888	-0.21663547	0.031731606	0.0073135034	-0.014859091	-1.2239831E-4	3.5665056E-4	-5.215616E-4	-1.0542574E-4
1527044954156	0.0042586033	0.0021293017	-0.0042586033	1.322871	0.045321282	-9.46186	0.073106095	-0.14355081	0.17594528	0.008045357	-0.016296154	0.0016389606	4.3352804E-4	-6.7750656E-4	-9.783471E-5
1527044954178	0.0021293017	-0.0010646508	-0.005323254	1.1760421	0.0822136	-9.681866	0.09055569	-0.17195225	0.14193344	0.008951895	-0.01801754	0.0030598373	5.186064E-4	-8.492609E-4	-7.431526E-5
1527044954202	0.0042586033	-0.0031939526	-0.005323254	1.2999636	0.110516116	-9.729693	0.062607296	-0.20562077	0.010726929	0.009576735	-0.0200697	0.0031668954	6.1106717E-4	-0.0010393222	-4.3242897E-5
1527044954223	0.0021293017	-0.0021293017	-0.005323254	1.2600089	0.033681616	-9.854045	0.08510865	-0.17432803	-0.08027744	0.010428743	-0.021814868	0.0023632513	7.112029E-4	-0.0012489719	-1.556221E-5
1527044954244	0.0010646508	0.0010646508	-0.005323254	1.2655244	0.13110745	-9.442728	0.07233183	-0.17126626	0.06401253	0.011152846	-0.023529386	0.0030040701	8.192278E-4	-0.0014759388	1.1303473E-5
1527044954265	0.005323254	0.0	-0.006387905	1.1969447	0.05432468	-9.557514	0.06054592	-0.18172783	0.21514702	0.011757113	-0.025343087	0.0051513044	9.3355204E-4	-0.0017198201	5.2000065E-5
1527044954285	0.0010646508	0.0	-0.005323254	1.053102	0.111446545	-9.557514	0.08123476	-0.29381025	0.17422676	0.01257034	-0.02828437	0.0068954593	0.0010553211	-0.001988248	1.1229914E-4
1527044954309	0.0021293017	-0.0021293017	-0.005323254	1.0795916	0.14864902	-9.720128	0.041700147	-0.36774457	0.10181999	0.012987793	-0.0319658	0.007914762	0.0011832502	-0.0022898251	1.8643046E-4
1527044954330	0.0021293017	-0.0031939526	-0.005323254	1.2333257	0.16784474	-9.691431	0.007222891	-0.2911228	0.021881104	0.013059881	-0.034871295	0.008133138	0.0013132321	-0.0026233527	2.6651198E-4
1527044954352	0.0031939526	0.0	-0.006387905	1.3302777	0.12065671	-9.614907	0.008257888	-0.15854913	0.055582047	0.0131425485	-0.036458503	0.008689555	0.0014443862	-0.002980388	3.5071658E-4
1527044954373	0.0042586033	-0.0021293017	-0.007452556	1.2654705	0.178709	-9.442728	-0.0023046508	-0.12499994	0.17610264	0.013119477	-0.03770986	0.010452489	0.0015758385	-0.0033516316	4.465305E-4
1527044954394	0.0010646508	-0.0021293017	-0.007452556	1.1088274	0.18693703	-9.681866	-0.024642736	-0.24180973	0.15887833	0.012873535	-0.040123194	0.01203814	0.0017055477	-0.0037400306	5.587622E-4
1527044954415	0.0021293017	-0.0042586033	-0.005323254	1.1091981	0.20613272	-9.65317	-0.028506696	-0.33506882	0.066161156	0.012588159	-0.043477513	0.012700468	0.001832994	-0.004158487	6.8258925E-4
1527044954436	0.0031939526	-0.0031939526	-0.0042586033	1.0699741	0.17720999	-9.720128	-0.021639302	-0.35619015	0.050167084	0.012372192	-0.0470324	0.013201151	0.0019575502	-0.0046101455	8.118424E-4
1527044954457	0.0021293017	-0.0031939526	-0.005323254	1.0166799	0.15030311	-9.414032	0.0067680627	-0.38145503	0.17562485	0.012439946	-0.050851084	0.014959302	0.0020817453	-0.0051000933	9.527972E-4
1527044954478	0.0031939526	-0.0031939526	-0.005323254	0.9686122	0.15977171	-9.423597	0.015674658	-0.40867233	0.32984066	0.012596862	-0.054942235	0.018261282	0.002207065	-0.005629633	0.00111908
1527044954499	0.0031939526	-0.005323254	-0.006387905	0.75457776	0.17757182	-9.65317	0.016793929	-0.5560422	0.23071575	0.012764471	-0.06049171	0.020563897	0.002333622	-0.0062056663	0.0013128237
1527044954521	0.0010646508	-0.007452556	-0.006387905	0.7073702	0.1207084	-9.605342	0.05018299	-0.6955335	0.16034985	0.013266845	-0.067454584	0.022169132	0.0024639196	-0.006846091	0.0015267204
1527044954543	0.0042586033	-0.0042586033	-0.007452556	0.7492218	0.25544006	-9.337508	0.007084094	-0.67823714	0.31625175	0.013337762	-0.074244305	0.025335075	0.0025970866	-0.0075553525	0.0017644987
1527044954564	0.0042586033	-0.0042586033	-0.007452556	0.6818084	0.18864283	-9.366204	-0.0292551	-0.6761776	0.43588066	0.013045787	-0.08099277	0.029685305	0.0027287446	-0.00833001	0.002039059
1527044954586	0.0021293017	-0.009581857	-0.005323254	0.52749753	0.2168419	-9.433163	8.1857294E-4	-0.78992474	0.4051323	0.013053982	-0.08890058	0.033741012	0.0028593848	-0.009180397	0.0023565341
1527044954607	0.0021293017	-0.009581857	-0.0042586033	0.39248613	0.1307973	-9.500121	0.0440574	-0.93861175	0.36053276	0.013495033	-0.098296866	0.037350245	0.0029922735	-0.010117398	0.0027123755
1527044954628	0.0031939526	-0.009581857	-0.005323254	0.34533554	0.25492316	-9.433163	0.032887474	-1.0292003	0.37357998	0.01382326	-0.10856861	0.04107869	0.003128596	-0.011149689	0.0031037482
1527044954649	0.0010646508	-0.006387905	-0.006387905	0.28959972	0.18895297	-9.308811	0.0056564137	-1.0679238	0.4752617	0.013879885	-0.11925942	0.04583646	0.003267262	-0.012290062	0.0035387948
1527044954672	0.0021293017	-0.008517207	-0.005323254	0.1549284	0.26496038	-9.337508	0.007617958	-1.1545386	0.53640556	0.013956147	-0.13081731	0.05120633	0.0034065929	-0.013541801	0.0040245345
1527044954694	0.0010646508	-0.01277581	-0.005323254	0.07686216	0.2167902	-9.442728	0.0047915503	-1.2693328	0.48548508	0.014003969	-0.14348565	0.05605162	0.0035461183	-0.014910616	0.0045597684
1527044954715	0.0031939526	-0.014905112	-0.005323254	-4.5330822E-4	0.083195716	-9.500121	0.10406751	-1.3480387	0.41754818	0.015045771	-0.15698063	0.060231626	0.0036915243	-0.016414575	0.0051418142
1527044954736	0.0042586033	-0.010646508	-0.006387905	0.08736122	0.10285668	-9.385335	0.15909395	-1.3323245	0.44578362	0.01663358	-0.17027766	0.06468069	0.0038496093	-0.018047646	0.005765146
1527044954757	0.0	-0.013840461	-0.005323254	0.057865605	0.1787607	-9.433163	0.107724845	-1.3019986	0.47379684	0.017711995	-0.18331175	0.069423795	0.004021523	-0.019817509	0.006436395
1527044954778	0.0021293017	-0.013840461	-0.005323254	0.037550554	0.14973453	-9.519253	0.08818754	-1.3370714	0.41070557	0.018594826	-0.19669694	0.07353529	0.004203254	-0.02171961	0.0071519646
1527044954798	0.0010646508	-0.014905112	-0.0042586033	-0.0786919	0.18735057	-9.605342	0.09200577	-1.4158273	0.33527374	0.019513072	-0.21082734	0.07688143	0.0043934183	-0.02375322	0.007902567
1527044954819	0.0010646508	-0.017034413	-0.005323254	-0.097111516	0.10192625	-9.557514	0.122042686	-1.481246	0.32628918	0.02073482	-0.22565584	0.080147855	0.004594876	-0.025938	0.008688564
1527044954841	0.0031939526	-0.013840461	-0.006387905	-0.078921124	0.15868622	-9.624473	0.1362412	-1.4799755	0.31681252	0.022098709	-0.24047163	0.08331941	0.0048092757	-0.028271163	0.009506786
1527044954863	0.0010646508	-0.017034413	-0.0042586033	-0.09778538	0.23500383	-9.595777	0.07019248	-1.4876952	0.29678726	0.022799252	-0.2553193	0.08628145	0.0050333235	-0.030745236	0.010353121
1527044954884	0.005323254	-0.014905112	-0.005323254	-0.15498121	0.18750563	-9.576645	0.058113903	-1.521556	0.32554245	0.02338102	-0.27055135	0.08954041	0.005264475	-0.03337744	0.011233183
1527044954907	0.0021293017	-0.017034413	-0.0031939526	-0.18516453	0.17741674	-9.681866	0.09129678	-1.5666747	0.28946686	0.024294978	-0.28623506	0.09243821	0.0055031134	-0.036164388	0.012144062
1527044954930	0.0021293017	-0.013840461	-0.0031939526	-0.17663778	0.0722281	-9.767956	0.15186489	-1.584363	0.19695759	0.025810637	-0.3020475	0.094403915	0.0057531483	-0.03910001	0.013076433
1527044954953	0.0021293017	-0.013840461	-0.005323254	-0.25287175	0.13907702	-9.729693	0.17424515	-1.6180968	0.17825127	0.027554976	-0.31824598	0.09618835	0.0060202656	-0.04220484	0.014030427
1527044954976	0.0021293017	-0.015969763	-0.005323254	-0.19619898	0.18636845	-9.7870865	0.118190095	-1.6328862	0.16918468	0.028738158	-0.33459252	0.09788203	0.0063020363	-0.045472566	0.01500183
1527044954998	0.0021293017	-0.015969763	-0.005323254	-0.22589305	0.09075179	-9.86361	0.14248937	-1.6254492	0.10104942	0.030160246	-0.350815	0.098890536	0.0065959487	-0.048892856	0.015983755
1527044955021	0.0021293017	-0.014905112	-0.005323254	-0.24622962	0.08076627	-9.949699	0.19908017	-1.6554322	0.024691582	0.032153204	-0.36738726	0.099137716	0.0069078533	-0.052487757	0.016974969
1527044955044	0.0031939526	-0.013840461	-0.0042586033	-0.19638513	0.1196229	-9.806217	0.18224907	-1.6367383	0.050518036	0.033972107	-0.38372242	0.099641904	0.007237829	-0.056235913	0.01796691
1527044955067	0.0031939526	-0.013840461	-0.005323254	-0.16847876	0.17643464	-9.86361	0.12960836	-1.5953076	0.086613655	0.035269596	-0.39969277	0.10050898	0.0075844126	-0.060157232	0.018968748
1527044955088	0.0021293017	-0.014905112	-0.0042586033	-0.21776631	0.22351928	-9.959266	0.08045211	-1.6200863	0.011497498	0.03607499	-0.4159112	0.10062408	0.007941522	-0.064239666	0.019975502
1527044955112	0.0031939526	-0.013840461	-0.0042586033	-0.24823424	0.11807218	-10.093183	0.115655355	-1.6716917	-0.09617138	0.037229266	-0.4325952	0.099664256	0.008307321	-0.068473846	0.020974971
1527044955136	0.0042586033	-0.013840461	-0.005323254	-0.23915058	0.09882483	-10.131444	0.18044853	-1.6874771	-0.17920113	0.039035708	-0.44948825	0.097870305	0.008689059	-0.072889045	0.021963714
1527044955158	0.005323254	-0.010646508	-0.005323254	-0.20934881	0.09923835	-10.05492	0.18701217	-1.6635654	-0.16314888	0.040907856	-0.46614194	0.096237056	0.00908921	-0.07747216	0.022935301
1527044955180	0.0021293017	-0.01277581	-0.0031939526	-0.2278977	0.1280577	-10.007092	0.1698393	-1.649389	-0.10282898	0.042602904	-0.48260337	0.09521078	0.0095059415	-0.08220655	0.023890655
1527044955204	0.0010646508	-0.011711159	-0.005323254	-0.24869117	0.175039	-10.121879	0.13442603	-1.6757587	-0.13384914	0.04394862	-0.4993791	0.09387084	0.009939168	-0.08712178	0.024837088
1527044955228	0.0031939526	-0.009581857	-0.0042586033	-0.27854833	0.10793159	-10.207969	0.14898428	-1.7130075	-0.22964954	0.045440078	-0.5165277	0.09157186	0.0103865955	-0.09220681	0.025765305
1527044955251	0.0031939526	-0.009581857	-0.0042586033	-0.19124612	0.11786543	-10.131444	0.17464274	-1.6818544	-0.23827934	0.047183067	-0.53331316	0.089193754	0.0108488	-0.09744568	0.026667355
1527044955273	0.0042586033	-0.009581857	-0.0031939526	-0.15387453	0.16510516	-10.198402	0.14011613	-1.6213799	-0.24302769	0.048585746	-0.5495445	0.08676084	0.011328163	-0.10286584	0.02754808
1527044955295	0.0031939526	-0.007452556	-0.0021293017	-0.16321975	0.18424913	-10.179272	0.10600368	-1.6131294	-0.2692814	0.049646933	-0.56569326	0.08406511	0.011819858	-0.108448066	0.028403135
1527044955316	0.0021293017	-0.007452556	-0.0031939526	-0.16554132	0.15475774	-10.351452	0.11332024	-1.6285002	-0.34422874	0.050777905	-0.5819462	0.0806296	0.0123209935	-0.11417497	0.029224988
1527044955337	0.0010646508	-0.006387905	-0.0021293017	-0.10669008	0.12671375	-10.255796	0.14026277	-1.6027585	-0.38586617	0.052182052	-0.59799117	0.07676677	0.012836351	-0.120081045	0.030012822
1527044955358	0.0010646508	-0.0042586033	-0.0031939526	-0.09734489	0.107569754	-10.274928	0.1596168	-1.5610728	-0.35264874	0.05377995	-0.6136188	0.07323646	0.013366735	-0.12614566	0.03076365
1527044955379	0.0	-0.0031939526	-0.0031939526	-0.029200748	0.2222787	-10.188837	0.10768261	-1.5220871	-0.32575035	0.054854654	-0.6288097	0.06998537	0.013908838	-0.13234557	0.03147835
1527044955402	0.0010646508	-0.0042586033	-0.0031939526	-0.012036517	0.14528914	-10.3418865	0.085952505	-1.4860874	-0.36528778	0.05571511	-0.64368665	0.066328526	0.014462286	-0.13871494	0.03216066

0.1
1527045157091	-0.03726278	-0.029810224	0.010646508	0.26264817	0.50592375	-10.552327	-0.07096733	-0.24564297	-0.4201355	-7.1044214E-4	-0.002459091	-0.0042059068	-3.556059E-6	-1.2308775E-5	-2.1052318E-5
1527045157112	-0.033004176	-0.022357667	0.010646508	0.15413348	0.65136456	-10.064486	-0.14355636	-0.56132686	-0.5168333	-0.0021431793	-0.0080613075	-0.009364065	-1.7796076E-5	-6.48072E-5	-8.876859E-5
1527045157133	-0.027680922	-0.022357667	0.006387905	0.081539646	-0.07088672	-9.825348	-0.040705312	-0.27610952	-0.15223217	-0.0025506734	-0.010825394	-0.010888031	-4.1290765E-5	-1.59343E-4	-1.9013877E-4
1527045157153	-0.017034413	-0.006387905	0.006387905	-0.28378117	-0.38562554	-9.930569	0.2082949	0.22996375	-0.0825758	-4.7182548E-4	-0.008530283	-0.011712163	-5.6373505E-5	-2.5593085E-4	-3.0291727E-4
1527045157182	-0.019163715	-0.009581857	0.008517207	-0.120827585	-0.47513345	-10.638416	0.32498962	0.42766446	-0.48779583	0.0027815914	-0.004249006	-0.016595405	-4.4812165E-5	-3.198965E-4	-4.4460845E-4
1527045157204	-0.026616272	-0.008517207	0.007452556	-0.10777773	-0.5309113	-10.389713	0.2430246	0.5083203	-0.7179613	0.0052144704	8.397037E-4	-0.023782792	-4.7885405E-6	-3.3696147E-4	-6.467182E-4
1527045157225	-0.033004176	-0.013840461	0.008517207	-0.5988431	-0.30319926	-10.533196	0.4747049	0.41081586	-0.6632767	0.009952173	0.004939774	-0.0304025	7.0895374E-5	-3.0812097E-4	-9.171113E-4
1527045157247	-0.035133477	0.0021293017	0.009581857	-0.23781416	0.27458405	-9.318377	0.5092397	0.0072657615	-0.12794113	0.015050086	0.0050125103	-0.031683296	1.960421E-4	-2.5830563E-4	-0.0012278766
1527045157269	-0.04790929	0.007452556	0.009581857	-0.09007922	1.1714576	-8.954887	0.20308225	-0.710506	0.65671444	0.017083108	-0.002100247	-0.025109032	3.568821E-4	-2.4372854E-4	-0.0015121459
1527045157290	-0.043650683	0.017034413	0.009581857	-0.55737984	1.416246	-9.46186	0.3293367	-1.2857103	0.58434296	0.020369992	-0.014932036	-0.019277107	5.4377894E-4	-3.287223E-4	-0.0017336396
1527045157315	-0.052167892	0.0042586033	0.009581857	-0.19653338	0.91389215	-9.050542	0.39220634	-1.1560719	0.5370159	0.024296304	-0.02650528	-0.013901129	7.673524E-4	-5.3613336E-4	-0.0018997105
1527045157337	-0.034068827	0.006387905	0.010646508	-0.27516574	0.0940083	-9.2609825	0.29208785	-0.4838022	0.63850117	0.027220346	-0.03134854	-0.007509201	0.0010252147	-8.2571583E-4	-0.0020068781
1527045157358	-0.014905112	0.013840461	0.011711159	-0.1295866	-0.025310338	-8.43835	0.28574646	-0.012084274	0.9462309	0.030072184	-0.031469148	0.001934479	0.0013111134	-0.001139186	-0.002034697
1527045157379	-0.009581857	0.015969763	0.011711159	-0.09478631	-0.28008437	-8.0174675	0.20249808	0.17869322	1.5680037	0.03209936	-0.02968028	0.017631505	0.0016223078	-0.0014452643	-0.0019367611
1527045157401	-0.0042586033	0.021293016	0.008517207	-0.44311717	-1.0109773	-7.615716	0.3866208	0.6597785	1.9832187	0.035969757	-0.023075348	0.037485175	0.0019630222	-0.0017093283	-0.0016608791
1527045157422	-0.0031939526	0.018099064	0.008517207	-0.7248676	-0.73820573	-6.4678545	0.7086415	0.8661026	2.7622852	0.04304222	-0.014431373	0.06505364	0.0023573043	-0.0018964927	-0.0011491943
1527045157443	-0.006387905	0.021293016	0.009581857	-0.12328954	-0.36386386	-5.9034896	0.521631	0.5496846	3.6152916	0.04826418	-0.008928573	0.10124572	0.0028143309	-0.0020134188	-3.167967E-4
1527045157464	-0.021293016	0.020228365	0.01277581	0.59863716	-0.18743259	-4.9660697	-0.16243434	0.3128504	4.358078	0.046643034	-0.005806228	0.1447407	0.0032879326	-0.0020869477	9.1071404E-4
1527045157485	-0.026616272	0.014905112	0.013840461	1.4323715	-1.3018776	-5.0712905	-0.91369224	0.8278287	4.7684817	0.037496213	0.0024810266	0.19247717	0.0037090846	-0.0021035918	0.0025986298
1527045157506	-0.008517207	0.013840461	0.011711159	0.5750207	-1.8083667	-5.4252143	-0.8493633	1.6379005	4.54337	0.02899338	0.018877774	0.23796009	0.0040418925	-0.001996682	0.0047531473
1527045157527	0.0042586033	-0.0031939526	0.010646508	-0.22021788	-1.6711022	-4.68867	-0.015432477	1.7710357	4.744483	0.028839359	0.036553264	0.28531152	0.004330487	-0.0017200725	0.007364354
1527045157547	-0.014905112	-0.008517207	0.008517207	-0.28591862	0.57161707	-7.2043986	0.35140568	0.5616962	3.853147	0.032357223	0.04217631	0.32388473	0.0046368013	-0.0013259982	0.0104136355
1527045157568	-0.02448697	-0.020228365	0.005323254	-0.11188099	1.4771504	-10.523631	0.23278967	-0.99042535	0.92658806	0.034687642	0.032261327	0.33316064	0.004972389	-9.534069E-4	0.013702421
1527045157589	-0.045779984	-0.036198128	-0.0010646508	0.033280805	-0.038655758	-9.146197	0.10025577	-0.6681305	-0.044255257	0.035688225	0.025593176	0.33271894	0.0053235753	-6.647039E-4	0.017025264

0.0
1527045292764	-0.010646508	0.019163715	-0.01277581	0.448802	0.37796354	-9.56708	0.17088899	0.914894	0.2564354	0.0017055256	0.009130928	0.0025593054	8.5108395E-6	4.5564757E-5	1.2771334E-5
1527045292787	-0.007452556	0.017034413	-0.013840461	0.43720287	0.5390851	-9.700996	-0.019788086	0.8691919	0.17826176	0.0015074303	0.017832262	0.004343849	2.459302E-5	1.8052674E-4	4.73245E-5
1527045292809	-0.0042586033	0.020228365	-0.01277581	0.5223831	0.42814964	-9.088804	-0.033077702	0.9043877	0.41815567	0.001176295	0.026885938	0.008529936	3.8026184E-5	4.0435995E-4	1.1176317E-4
1527045292833	0.0	0.021293016	-0.01277581	0.38429326	-0.0591437	-9.414032	0.22498077	0.7514303	0.56307125	0.003421673	0.034385446	0.014149562	6.097076E-5	7.101137E-4	2.249374E-4
1527045292856	0.0010646508	0.020228365	-0.011711159	0.5154139	-0.812799	-9.700996	0.79523444	0.5001396	0.26230526	0.011382632	0.03939226	0.016775452	1.3507248E-4	0.0010794018	3.7972996E-4
1527045292881	-0.0021293017	0.023422318	-0.010646508	0.23272756	-0.5765487	-10.026224	1.0059606	0.33134872	-0.04410267	0.021453137	0.042709336	0.016333947	2.9942917E-4	0.0014903545	5.454563E-4
1527045292906	-0.015969763	0.029810224	-0.011711159	0.2761458	-0.29259348	-10.332321	0.7265091	0.33519286	-0.36612892	0.028703924	0.046054665	0.0126798665	5.497207E-4	0.0019333008	6.902398E-4
1527045292928	-0.009581857	0.033004176	-0.014905112	0.28191763	-0.70744604	-11.346265	0.8107592	0.34514707	-1.0244169	0.0368203	0.049509875	0.0024245987	8.776968E-4	0.0024116412	7.658439E-4
1527045292949	-0.0042586033	0.03832743	-0.021293016	0.75011003	-0.6147333	-10.045355	1.0509703	0.4871719	-0.8718176	0.047341388	0.054386873	-0.006303017	0.001298961	0.0029316877	7.4643083E-4
1527045292971	-0.006387905	0.04790929	-0.021293016	0.5029675	0.7062121	-10.485369	0.44144785	0.86269104	-0.4446478	0.051747173	0.0629968	-0.010740746	0.0017934283	0.0035174505	6.613798E-4
1527045292992	-0.027680922	0.035133477	-0.01277581	0.7574408	0.7692267	-9.394901	-0.19479708	1.1379709	-0.12630558	0.04979709	0.07438883	-0.0120051745	0.0023016997	0.004205123	5.47527E-4
1527045293012	-0.007452556	0.044715334	-0.005323254	1.0418494	-0.7273746	-9.748824	0.5611546	1.0741919	0.25677776	0.055414718	0.08514239	-0.00943462	0.0028283286	0.005003643	4.4021188E-4
1527045293033	-0.0031939526	0.042586032	-0.008517207	0.7537819	-1.0000004	-9.107935	1.3621173	0.7005323	0.40800762	0.06900907	0.092133924	-0.005362581	0.0034492228	0.0058882795	3.6637153E-4
1527045293054	-0.011711159	0.052167892	-0.014905112	0.19435386	-0.1155936	-9.2896805	0.90284956	0.4304026	0.62067604	0.07804735	0.09644261	8.5090334E-4	0.0041853013	0.006832184	3.437887E-4
1527045293074	-0.026616272	0.04045673	-0.021293016	0.19887438	0.082420364	-9.643604	0.30125955	0.4025834	0.33880138	0.08105402	0.100460514	0.0042322516	0.0049792416	0.007814761	3.6915444E-4
1527045293095	-0.008517207	0.044715334	-0.02448697	0.72964275	-0.6247706	-10.141009	0.65254647	0.54701495	-0.07613468	0.08758655	0.10593659	0.003470075	0.005823358	0.008847864	4.077078E-4
1527045293115	-0.006387905	0.05003859	-0.02448697	0.901781	-0.85351646	-10.188837	1.2283602	0.6756885	-0.33364773	0.09988346	0.11270079	1.2998818E-4	0.0067617237	0.009942235	4.257276E-4
1527045293136	-0.009581857	0.046844635	-0.022357667	0.6725561	-0.65317637	-10.112313	1.2280247	0.63850784	-0.32044983	0.11213953	0.1190733	-0.0030682012	0.007819751	0.011098824	4.1106547E-4
1527045293157	-0.027680922	0.043650683	-0.018099064	0.7623583	0.50069374	-9.758389	0.5780073	0.8448392	-0.114723206	0.11792587	0.12753084	-0.004216676	0.008971324	0.012333181	3.7460163E-4
1527045293177	-0.027680922	0.04152138	-0.017034413	0.8638062	0.44196948	-10.05492	0.11914168	1.1523826	-0.08931446	0.11911857	0.13906716	-0.0051107835	0.01015783	0.013667615	3.2791382E-4
1527045293198	-0.023422318	0.044715334	-0.018099064	0.9500556	0.4267023	-9.356639	0.18796846	1.2134264	0.11397076	0.12099455	0.15117753	-0.0039733243	0.011356032	0.015115982	2.825827E-4
1527045293218	-0.014905112	0.052167892	-0.017034413	0.6149874	0.40781677	-9.327943	0.14422445	1.0803984	0.47342587	0.12243836	0.16199322	7.66058E-4	0.012574515	0.016683532	2.66529E-4
1527045293239	-0.02555162	0.046844635	-0.015969763	0.23738858	0.47678497	-8.897494	-0.030831426	0.7568444	0.6922569	0.12212971	0.16956986	0.0076961266	0.01379868	0.018343143	3.0888576E-4
1527045293261	-0.015969763	0.04790929	-0.019163715	0.32951704	-0.42573202	-8.5435705	0.2811424	0.44190505	1.0847368	0.1249356	0.17398022	0.018522134	0.015031574	0.020057512	4.39719E-4
1527045293283	-0.006387905	0.05110324	-0.023422318	1.0267093	-0.38863286	-8.725315	0.83561933	0.6157962	1.1858244	0.13330084	0.18014485	0.030393224	0.016324155	0.021830056	6.8456074E-4
1527045293304	-0.015969763	0.042586032	-0.02555162	0.26805648	0.05845992	-8.7922735	0.604477	0.6863369	1.0577173	0.13935216	0.18701565	0.040981863	0.017688897	0.023667848	0.0010418228
1527045293325	-0.02448697	0.046844635	-0.02448697	1.4183877	0.018456861	-7.386143	0.48635623	0.9322912	1.7291355	0.14420615	0.1963202	0.058239173	0.019103896	0.025580753	0.0015369513
1527045293346	-0.005323254	0.044715334	-0.023422318	1.7387732	0.90401	-9.1175	0.40958446	1.7753136	1.5796518	0.14830643	0.21409257	0.07405281	0.020568043	0.02763504	0.0021991278
1527045293367	-0.04790929	0.018099064	-0.019163715	1.8134019	1.0689051	-8.553136	0.027356356	2.1800766	0.99428844	0.14857945	0.23585041	0.08397613	0.02204955	0.029880326	0.0029877168
1527045293388	0.008517207	0.034068827	-0.017034413	1.5084631	0.50582033	-10.571458	0.1771681	2.0022109	0.26655483	0.15035304	0.2558942	0.08664457	0.023545831	0.03234171	0.0038417445
1527045293409	-0.034068827	0.02555162	-0.014905112	1.136551	0.5750896	-8.323565	0.25911093	1.5872059	0.37552738	0.15294696	0.27178347	0.09040391	0.025063975	0.034982957	0.004727946
1527045293432	0.0021293017	0.044715334	-0.015969763	0.73168004	0.49614498	-10.600155	0.102820925	1.2281206	0.35137272	0.15397315	0.2840405	0.093910724	0.026595553	0.037756607	0.005647705
1527045293455	-0.043650683	0.010646508	-0.017034413	0.55541354	0.52703196	-10.169706	0.024802066	0.96590817	-0.5783634	0.15422143	0.29371005	0.088120826	0.028138196	0.04064849	0.0065588485
1527045293476	0.007452556	0.04790929	-0.015969763	0.803991	-0.3818429	-10.99234	0.44382435	0.81571424	-0.7682209	0.15866448	0.30187604	0.08043029	0.029704321	0.043629646	0.007402517
1527045293497	-0.03832743	0.01277581	-0.018099064	0.87814075	0.29145372	-9.720128	0.6134051	0.9065676	-0.53853226	0.16478646	0.31092387	0.07505557	0.031318393	0.046687614	0.008178416
1527045293517	-0.0021293017	0.055361845	-0.020228365	1.823575	-0.6071865	-8.648791	0.903278	1.3012964	0.6455269	0.17382902	0.32395095	0.08151783	0.033013303	0.04986543	0.008962131
1527045293538	-0.026616272	0.013840461	-0.018099064	1.3235509	0.36942536	-9.385335	0.956915	1.5138865	0.8169012	0.18340853	0.3391062	0.08969569	0.034801427	0.053184304	0.009819126
1527045293559	-0.01277581	0.043650683	-0.018099064	2.1290264	0.3428194	-7.2617917	0.5745032	1.8375456	1.5065565	0.18914226	0.35744548	0.1047316	0.036660515	0.056660205	0.010789348
1527045293580	-0.021293016	-0.0021293017	-0.018099064	2.0083306	0.39209354	-10.475803	0.71952736	2.1586885	0.96848583	0.19634533	0.37905574	0.11442695	0.03859004	0.0603467	0.0118863275
1527045293601	-0.008517207	0.029810224	-0.017034413	1.7238562	0.0046462454	-8.18008	0.7997415	1.9089516	0.507143	0.20435141	0.39816594	0.11950387	0.040595695	0.06423702	0.013057249
1527045293622	-0.017034413	-0.005323254	-0.013840461	1.2858679	0.5430745	-10.724506	0.58435285	1.612058	0.3736477	0.21018344	0.41425478	0.12323299	0.04266429	0.06829113	0.014268544
1527045293643	-0.009581857	0.018099064	-0.015969763	1.6029168	0.030881073	-8.610529	0.55295604	1.5644608	0.15690708	0.21571898	0.42991635	0.12480377	0.04479611	0.07251655	0.015510071
1527045293663	0.0021293017	0.0021293017	-0.018099064	1.2818784	-0.70243204	-10.41841	1.1147993	1.2995498	0.31857014	0.22687906	0.44292593	0.12799291	0.0470115	0.07688549	0.016775424
1527045293684	-0.0042586033	0.019163715	-0.018099064	1.4563632	-0.5226409	-8.859232	1.338383	1.1181111	0.1964693	0.24023654	0.45408502	0.12995373	0.04934248	0.08136172	0.018062618
1527045293705	-0.019163715	-0.0042586033	-0.021293016	1.1219642	-2.0341203E-4	-10.839293	0.9916268	1.1934655	-0.020699501	0.25016356	0.4660326	0.12974651	0.051797137	0.08596729	0.019362526
1527045293727	-0.008517207	0.019163715	-0.021293016	1.7287921	0.2980701	-8.495743	0.6727994	1.484948	0.15786076	0.25687832	0.48085284	0.13132201	0.054327354	0.09069239	0.0206653
1527045293748	-0.008517207	-0.0010646508	-0.020228365	1.7400123	0.18636845	-9.7870865	0.7061497	1.796392	0.68884945	0.26394746	0.49883622	0.13821796	0.056934305	0.09559614	0.02201446
1527045293774	0.0	0.011711159	-0.019163715	1.9781382	0.2981218	-8.486177	0.75859463	1.908926	0.69614697	0.27154163	0.5179462	0.14518696	0.05961465	0.10068556	0.023433018
1527045293796	-0.008517207	-0.009581857	-0.020228365	1.6418647	0.4807227	-9.930569	0.60667276	1.9264897	0.621212	0.2775964	0.53717315	0.15138686	0.062354937	0.10595077	0.024912968
1527045293818	0.0	0.0021293017	-0.020228365	1.6248001	0.3234262	-9.088804	0.52882373	1.7752943	0.31616497	0.28289038	0.55494535	0.15455194	0.06516041	0.11141728	0.02644432
1527045293843	-0.0021293017	-0.009581857	-0.020228365	1.4740593	-0.083146624	-10.332321	0.75476694	1.5839164	0.11780071	0.29044622	0.5708017	0.15573122	0.06803019	0.11705211	0.027997416
1527045293866	0.0031939526	0.0	-0.019163715	1.4737953	-0.14234535	-8.954887	0.933565	1.4172647	0.18665028	0.2997635	0.5849464	0.15759404	0.07097543	0.12281947	0.029560957
1527045293888	-0.0031939526	-0.007452556	-0.021293016	1.4435601	-0.42293146	-9.7870865	1.0757613	1.3288393	0.4614191	0.31053278	0.5982492	0.16221324	0.07403022	0.12874186	0.031161726
1527045293908	0.0	-0.006387905	-0.022357667	1.3603672	-0.364569	-9.557514	1.160242	1.2350836	0.16075325	0.32214776	0.6106134	0.16382252	0.07719705	0.13479272	0.03279367
1527045293929	-0.005323254	-0.009581857	-0.02448697	1.3651893	-0.43312377	-9.911438	1.150659	1.1985712	0.09798336	0.3336317	0.6225755	0.16480042	0.0804695	0.14094652	0.03443355
1527045293951	-0.0010646508	0.0	-0.02555162	1.8953916	-0.12335642	-8.964453	1.1475109	1.4881011	0.39846325	0.34511924	0.6374726	0.16878937	0.083866924	0.14725359	0.03610331
1527045293972	-0.0010646508	0.0	-0.02555162	1.5631348	0.17891577	-9.404467	0.90605086	1.7027895	0.64947605	0.35418957	0.65451896	0.17529118	0.08736726	0.15372054	0.037825573
1527045293993	-0.013840461	-0.010646508	-0.02448697	1.3615052	0.44925785	-8.706184	0.5325053	1.5791097	0.76868343	0.35950413	0.67027897	0.18296288	0.0909287	0.16033149	0.039613318
1527045294013	-0.0042586033	-0.007452556	-0.02555162	1.4813132	0.4435719	-9.758389	0.40078127	1.6002867	0.5890856	0.3635163	0.68629915	0.18886012	0.09454772	0.16712172	0.041474447
1527045294034	-0.007452556	-0.020228365	-0.02555162	1.5313402	-0.056610867	-8.945321	0.6699608	1.573354	0.47541142	0.37022316	0.70204973	0.19361939	0.09822039	0.17407098	0.043388914
1527045294055	0.006387905	-0.0031939526	-0.02448697	1.5852798	-0.338024	-9.930569	1.0491306	1.4581311	0.3965311	0.38069382	0.7166023	0.19757688	0.10196759	0.18115027	0.045341045
1527045294075	-0.0021293017	-0.015969763	-0.02555162	1.4473631	-0.43095276	-9.509686	1.2081728	1.3457713	0.11648846	0.39278865	0.73007464	0.19874302	0.10583919	0.18839149	0.04732479
1527045294096	-0.005323254	-0.008517207	-0.02555162	0.7683143	-0.33890274	-10.093183	1.0396253	0.97699654	0.026420593	0.40316445	0.73982537	0.1990067	0.10981112	0.19572653	0.049309626
1527045294117	-0.014905112	-0.014905112	-0.02555162	0.89678615	-0.20024258	-9.09837	0.81594145	0.7735405	0.22437954	0.4113327	0.74756914	0.20125294	0.11388802	0.20317155	0.05131309
1527045294138	-0.01277581	-0.0042586033	-0.027680922	1.7119473	0.5009522	-9.710563	0.63150847	1.3758988	0.41990948	0.41765463	0.76134306	0.20545658	0.11803745	0.21072428	0.053348843
1527045294159	-0.022357667	-0.010646508	-0.029810224	1.3276755	0.7710875	-9.050542	0.28355235	1.7756522	0.4412737	0.42048457	0.7790646	0.20986062	0.12221989	0.21841115	0.05542134
1527045294181	-0.013840461	0.0	-0.030874874	1.3140975	0.91616654	-8.62966	0.0010261238	1.6752803	0.9738674	0.42049485	0.79583555	0.21960984	0.12642935	0.22629417	0.05757102
1527045294203	-0.006387905	-0.005323254	-0.033004176	0.96556544	0.9719445	-8.878363	-0.16706434	1.5523605	1.0542679	0.4188224	0.811376	0.23016395	0.13063048	0.23433894	0.059822325
1527045294224	-0.013840461	-0.011711159	-0.029810224	0.8164654	0.32595903	-8.620094	-0.003375113	1.2024153	1.0581446	0.41878873	0.8233765	0.24072455	0.13481028	0.24249661	0.062172133
1527045294245	0.0021293017	-0.007452556	-0.029810224	0.3608988	0.37536976	-8.285301	0.13310823	0.79884803	1.3524761	0.42012125	0.83137363	0.25426397	0.13900937	0.25077933	0.06464976
1527045294266	-0.008517207	-0.005323254	-0.029810224	0.5231477	1.1636854	-6.869606	-0.32859352	0.8316077	2.2174711	0.41683176	0.83969873	0.2764627	0.14319867	0.25914374	0.067306265
1527045294288	-0.0042586033	0.0010646508	-0.031939525	1.9230437	0.72952455	-6.1713243	-0.18291023	1.5993471	3.2890139	0.41500625	0.85566074	0.30928808	0.14734967	0.26760384	0.070229255
1527045294311	0.0042586033	0.0010646508	-0.033004176	2.1092305	-0.66897905	-5.989579	0.97257125	1.922893	3.7614145	0.4247425	0.8749105	0.34694296	0.15155296	0.27626607	0.07351396
1527045294331	0.023422318	0.0021293017	-0.030874874	2.6766706	-3.3465736	-4.6695395	2.9594662	1.3888235	4.5524406	0.45436922	0.88881373	0.39251667	0.15595329	0.28509423	0.07721527
1527045294352	0.029810224	-0.01277581	-0.02448697	0.8813293	-2.5647614	-6.2191515	3.5589194	0.4327262	4.438076	0.48988834	0.89313245	0.43681005	0.16066527	0.2939864	0.08135374
1527045294373	-0.03939208	-0.06174975	-0.02448697	-0.44004363	1.8915472	-11.35583	0.60885406	0.18415622	1.0197906	0.49598348	0.894976	0.447019	0.16559997	0.30293664	0.08577767
1527045294394	-0.12456415	-0.08197811	-0.029810224	-0.49557278	2.73807	-9.739259	-2.0314932	0.71550155	-0.7981701	0.47570854	0.90211695	0.43905303	0.17044887	0.31190443	0.09019931
1527045294415	-0.008517207	-0.010646508	-0.042586032	2.5686781	0.8852186	-7.3096194	-0.97964597	1.8347358	1.2681332	0.46590146	0.9204842	0.4517481	0.17516202	0.3210273	0.09465814
1527045294435	0.05110324	-0.007452556	-0.044715334	1.1580008	1.3970503	-9.490556	-0.025658906	2.298049	1.424284	0.4656446	0.94348955	0.46600637	0.1798248	0.33035728	0.09925188
1527045294457	-0.020228365	-0.04790929	-0.031939525	0.078473	-0.7445544	-9.404467	0.20906457	0.84297895	0.36069965	0.46773112	0.95190275	0.46960628	0.18448249	0.3398156	0.103920735

0.0
1527045380368	-0.023422318	-0.01277581	-0.011711159	-0.84403175	-0.36254382	-10.944512	0.13074681	-0.15524912	-1.1018333	0.001304894	-0.0015494347	-0.010996642	6.511625E-6	-7.731922E-6	-5.487496E-5
1527045380388	-0.007452556	-0.0042586033	-0.013840461	-0.19942051	-0.31970704	-10.064486	0.50614035	-0.114227995	-0.7162132	0.0063717803	-0.002692952	-0.018166533	4.4936576E-5	-2.8966833E-5	-2.008488E-4
1527045380409	-0.013840461	0.0031939526	-0.017034413	-0.12635899	0.3360572	-10.274928	0.42491576	0.36518884	-0.36163425	0.010625541	9.628923E-4	-0.021786798	1.3001525E-4	-3.76265E-5	-4.0083184E-4
1527045380431	-0.018099064	-0.0031939526	-0.020228365	0.066001475	0.99730057	-9.471425	-0.03639199	0.85133165	-0.065021515	0.0102623375	0.009459448	-0.022435732	2.3424902E-4	1.4382607E-5	-6.2150916E-4
1527045380452	-0.013840461	-0.005323254	-0.020228365	-0.17926708	0.66171193	-9.911438	-0.19029962	0.9187412	0.11229229	0.00835728	0.018656813	-0.021311589	3.2744795E-4	1.551162E-4	-8.404827E-4
1527045380472	-0.01277581	-0.011711159	-0.014905112	-0.13154516	1.0120933	-8.495743	-0.2793614	0.8209566	0.5918474	0.0055691656	0.026850216	-0.015404771	3.969431E-4	3.8220338E-4	-0.001023703
1527045380493	-0.005323254	-0.0021293017	-0.01277581	-0.047360957	1.2646447	-9.327943	-0.4949695	1.0408294	0.88348675	6.141085E-4	0.037269786	-0.0065603284	4.2789296E-4	7.031507E-4	-0.0011336475
1527045380514	-0.020228365	-0.014905112	-0.010646508	0.35063964	0.50844735	-8.323565	-0.15253785	1.0777075	0.9895706	-9.1292243E-4	0.048058536	0.0033460977	4.2639728E-4	0.0011302545	-0.0011497361
1527045380535	0.009581857	-0.007452556	-0.007452556	-0.020731926	-0.6105888	-11.040168	0.6509412	0.5665766	0.14905071	0.005583674	0.053713147	0.004833675	4.4970505E-4	0.0016381111	-0.0011089178
1527045380555	-0.014905112	-0.030874874	-0.0042586033	-0.876894	-0.57944334	-10.5618925	0.77855533	-0.1947895	-1.0030336	0.013377661	0.05176314	-0.005207532	5.4461445E-4	0.0021660638	-0.001110789
1527045380576	-0.013840461	-0.010646508	-0.005323254	-0.6814233	-0.52459586	-10.982775	0.5474194	-0.43297532	-0.9980631	0.018857786	0.047428697	-0.015198976	7.059663E-4	0.0026625602	-0.001212932
1527045380597	-0.023422318	-0.014905112	-0.007452556	-1.0256891	-0.07662436	-10.887119	0.31301683	-0.33340073	-1.1688719	0.021981793	0.044101253	-0.026864681	9.0976217E-4	0.003119309	-0.0014228362
1527045380618	-0.008517207	-0.008517207	-0.01277581	-0.96080756	0.061579853	-11.73845	0.0175578	-0.2503307	-1.5595732	0.022157561	0.041595235	-0.04247731	0.001130698	0.0035482557	-0.0017699217
1527045380642	-0.0021293017	-0.009581857	-0.018099064	-0.6480206	1.3269541	-11.891498	-0.40190905	0.34719843	-2.056799	0.018134117	0.04507098	-0.063067585	0.0013323746	0.003982056	-0.002298218
1527045380665	-0.0010646508	-0.009581857	-0.019163715	-0.3851523	1.3399284	-9.490556	-0.7996349	0.9077126	-0.9242277	0.010153512	0.054130234	-0.07229166	0.0014735343	0.0044770855	-0.0029736818
1527045380688	0.021293016	0.018099064	-0.017034413	-0.68142176	0.19158918	-8.82097	-0.4397531	0.47900683	0.61371994	0.0057512163	0.05892549	-0.06614781	0.0015531441	0.0050429767	-0.003666629
1527045380709	0.04045673	0.0010646508	-0.011711159	-0.18387204	-1.1727192	-7.596585	0.5705279	-0.24178885	1.5823622	0.011462675	0.056504983	-0.05030705	0.0016393068	0.0056207543	-0.004249534
1527045380730	0.028745573	0.008517207	-0.009581857	0.12999496	-1.2326748	-9.882741	1.4078028	-0.31963074	1.0908194	0.025512986	0.05331497	-0.039420336	0.0018238211	0.006168773	-0.004697288
1527045380752	0.0010646508	-0.018099064	-0.010646508	-0.4371706	0.10011709	-9.892307	0.8838399	0.019607097	-0.07144737	0.03436096	0.05351125	-0.040135585	0.0021235151	0.006703483	-0.0050954986
1527045380773	-0.02448697	-0.0021293017	-0.013840461	-0.32225126	0.53820634	-9.86361	0.042277113	0.3720647	-0.08937931	0.034782898	0.05722457	-0.041027624	0.0024685538	0.007256072	-0.005500516
1527045380794	0.0010646508	-0.009581857	-0.01277581	-0.67657816	1.1212806	-11.193215	-0.40120408	0.61577195	-0.7533312	0.03076651	0.06338896	-0.0485691	0.002796656	0.007859793	-0.005948985
1527045380815	-0.010646508	-0.013840461	-0.010646508	-0.19245279	-0.0026421212	-9.528818	-0.15428765	0.4971211	-0.5781431	0.029221961	0.06836555	-0.054356802	0.0030969232	0.008519279	-0.006464172
1527045380835	0.026616272	0.006387905	-0.009581857	-1.2653093	0.17675401	-11.566271	0.055425897	-0.011744216	-0.7789192	0.02977513	0.06824834	-0.06213066	0.0033913278	0.009201003	-0.0070454627
1527045380856	0.0021293017	-0.005323254	-0.010646508	-1.041163	-0.2523412	-9.930569	-0.09011048	-0.4143625	-1.0078993	0.028873049	0.06410023	-0.07222057	0.0036848863	0.009863463	-0.0077179465
1527045380877	0.027680922	0.009581857	-0.015969763	-1.6956959	0.14855488	-11.499312	-0.211476	-0.5949544	-0.989624	0.026755998	0.058144238	-0.082127534	0.0039633326	0.010475348	-0.008490523
1527045380897	0.006387905	0.0010646508	-0.019163715	-0.4933638	-0.28608045	-9.127066	-0.05661106	-0.4060756	-0.5692797	0.026191002	0.054091476	-0.08780912	0.0042275465	0.011035422	-0.0093385335
1527045380918	0.029810224	0.033004176	-0.018099064	-0.33786622	-0.060435966	-9.65317	0.3830756	0.02612324	0.4008999	0.030025907	0.05435299	-0.08379578	0.0045089354	0.011578232	-0.010197488
1527045380938	-0.0021293017	0.015969763	-0.014905112	-0.10615258	-0.29410172	-8.849667	0.49288723	0.17006002	0.55287075	0.034960117	0.056055434	-0.078261085	0.0048342175	0.012130872	-0.01100865
1527045380959	0.008517207	0.018099064	-0.013840461	-0.96247315	-0.4934504	-10.504499	0.49882257	-0.18945788	0.10886192	0.039938524	0.054164585	-0.07717461	0.0052079735	0.012680887	-0.011784298
1527045380980	-0.011711159	0.009581857	-0.01277581	-1.2710003	-0.20463628	-9.911438	0.14014168	-0.60135555	-0.46226978	0.041341458	0.048144516	-0.081802316	0.005614814	0.013192987	-0.012580045
1527045381001	-0.0031939526	0.022357667	-0.01277581	-1.1783509	1.0380273	-10.743637	-0.5296573	-0.2212924	-0.5984564	0.036039148	0.045929193	-0.087793365	0.006002136	0.013663866	-0.013428941
1527045381022	-0.021293016	0.023422318	-0.01277581	-0.74219006	1.9142486	-8.916625	-1.2418902	0.60199016	-0.09690952	0.023644695	0.051937245	-0.088760555	0.006299968	0.014152234	-0.014309973
1527045381043	0.0010646508	0.045779984	-0.009581857	-0.3260253	2.7178407	-9.959266	-1.6769935	1.4258325	0.31346607	0.0068565942	0.066211015	-0.085622504	0.0064526396	0.014743616	-0.015182833
1527045381064	-0.0042586033	0.028745573	-0.005323254	0.42390126	1.4500277	-8.495743	-1.1540159	1.7371845	0.56665134	-0.004660845	0.08354866	-0.07996715	0.0064635966	0.01549094	-0.016009152
1527045381085	0.046844635	0.043650683	-0.0021293017	-0.20204915	-1.1799042	-8.92619	0.40676814	0.5842242	1.1101303	-5.88757E-4	0.08939723	-0.06885382	0.0064373203	0.016356606	-0.016754063
1527045381106	0.030874874	0.031939525	-0.0031939526	-0.5580138	-2.7482927	-4.946939	1.6905575	-1.1582688	2.87148	0.01633513	0.077801995	-0.040107913	0.0065161376	0.017193507	-0.017299462
1527045381127	0.04897394	0.04790929	-0.009581857	0.8372565	-2.0011837	-9.394901	2.3372564	-0.98216033	2.6769328	0.03966168	0.06799973	-0.013391288	0.0067955703	0.01792108	-0.017566431
1527045381147	-0.06174975	-0.01277581	-0.017034413	0.29414904	-0.24737892	-9.01228	1.6991181	0.2065135	0.66348076	0.05667127	0.0700671	-0.006749293	0.007277757	0.018612163	-0.017667243
1527045381169	0.0	0.028745573	-0.021293016	-0.119047605	-0.19821742	-10.485369	0.72205603	0.3932883	0.07695103	0.06389965	0.07400425	-0.0059789442	0.007881265	0.019333301	-0.017730953
1527045381189	-0.013840461	0.0	-0.015969763	0.495389	0.14310887	-8.983583	0.6260655	0.58912945	0.095641136	0.07014798	0.07988394	-0.0050244206	0.008550184	0.020101227	-0.017785862
1527045381210	0.005323254	0.017034413	-0.007452556	-0.22341983	0.9490456	-13.115883	0.20356125	0.95459133	-1.2269163	0.07218579	0.0894402	-0.01730687	0.009262623	0.020948764	-0.01789764
1527045381231	-0.036198128	-0.031939525	-0.0031939526	-1.9537268	1.0022814	-12.073242	-0.79605824	0.31189373	-2.856451	0.064216584	0.09256251	-0.045902327	0.009945374	0.021859763	-0.018214028
1527045381253	0.027680922	0.04045673	-0.006387905	-1.51993	0.043220468	-13.374152	-0.81897414	-0.47214708	-3.0236864	0.056042966	0.08785034	-0.07607967	0.0105454875	0.022760052	-0.018822737
1527045381274	0.009581857	0.011711159	-0.009581857	-1.9178233	0.11932201	-11.623664	-0.4715286	-0.73612714	-2.7925062	0.051322572	0.0804811	-0.104034975	0.011082897	0.023602622	-0.019724285
1527045381296	0.035133477	0.05003859	-0.015969763	-1.4575447	-0.77212393	-10.982775	-0.19234958	-1.014519	-1.5926256	0.04939699	0.07032492	-0.11997848	0.0115870405	0.024357468	-0.020845566
1527045381317	0.02555162	0.03726278	-0.023422318	0.41816032	-1.5163292	-7.759198	1.0616903	-0.67113614	0.42263508	0.05999299	0.06362677	-0.11576045	0.012132914	0.025025908	-0.02202194
1527045381338	0.056426495	0.070266955	-0.028745573	2.3325477	-0.7592013	-8.591398	2.1337364	0.78254807	1.7403936	0.08135347	0.07146073	-0.09833766	0.012840412	0.025702078	-0.02309359
1527045381359	-0.008517207	-0.0021293017	-0.026616272	0.7298376	-0.24944654	-9.394901	1.7597688	1.325879	0.92709637	0.09897022	0.08473388	-0.08905665	0.013743007	0.026483897	-0.024031578
1527045381379	0.015969763	0.022357667	-0.018099064	0.3659435	-0.29119784	-10.074051	1.0155027	0.71901345	0.12004566	0.10910525	0.09190986	-0.08785856	0.014781335	0.027365377	-0.024914412
1527045381400	-0.023422318	-0.031939525	-0.010646508	-0.3683554	2.0572267	-12.408036	-0.16014415	1.0499864	-1.4317636	0.10750207	0.102421105	-0.1021917	0.015865546	0.028338084	-0.025865693
1527045381421	-0.011711159	0.01277581	-0.007452556	0.028259203	0.12127699	-9.500121	-0.43810838	1.0271405	-1.1586409	0.103116244	0.11270364	-0.11379065	0.016919779	0.029414874	-0.026946774
1527045381442	0.035133477	0.013840461	-0.005323254	-1.4965101	-0.21994592	-10.982775	0.09128475	-0.14335611	-0.47245884	0.10402729	0.111272894	-0.11850593	0.017953457	0.030532552	-0.02810597
1527045381463	-0.010646508	0.011711159	-0.009581857	-2.0776758	0.3281393	-9.978396	-0.61668557	-0.9067593	-0.7813215	0.09785376	0.10219548	-0.12632762	0.018963955	0.03160105	-0.029331464
1527045381484	0.013840461	0.005323254	-0.018099064	-0.7080647	0.6439728	-11.432354	-0.7125232	-0.32223037	-0.98426056	0.09074255	0.09897952	-0.13615085	0.019905081	0.032604944	-0.030641273
1527045381505	0.020228365	0.033004176	-0.02448697	0.23839323	-0.18001308	-8.878363	0.159911	0.4184842	-0.35699272	0.09234339	0.10316889	-0.13972464	0.020821502	0.03361678	-0.032022145
1527045381526	0.04045673	0.019163715	-0.02555162	0.86484784	-0.7100915	-10.074051	1.136894	0.60177577	0.3786745	0.10372464	0.10919317	-0.1359338	0.021802904	0.03467974	-0.03340193
1527045381547	0.007452556	0.020228365	-0.022357667	-0.27818412	-0.91494715	-7.4626675	1.2370414	0.14147945	1.0716219	0.1160707	0.11060518	-0.12523867	0.022899717	0.03577657	-0.03470522

0.0
1527045623334	-0.013840461	-0.04152138	0.008517207	-0.2814135	-0.7675142	-11.891498	1.0980062	-0.526583	-1.6512499	0.010991957	-0.0052715344	-0.016530387	5.501932E-5	-2.6386226E-5	-8.274147E-5
1527045623355	-0.021293016	-0.046844635	0.008517207	-0.61480635	-0.18568978	-11.690622	0.5393031	-0.51519513	-1.9917545	0.01637437	-0.010413343	-0.03640872	1.9158155E-4	-1.046562E-4	-3.4691585E-4
1527045623375	-0.021293016	-0.030874874	0.010646508	-0.4296562	0.287948	-12.130635	0.018717319	-0.42960206	-2.1205006	0.016561747	-0.0147140175	-0.057636693	3.5644055E-4	-2.3042911E-4	-8.176523E-4
1527045623396	-0.021293016	-0.034068827	0.011711159	-0.27227092	-0.11428283	-12.570649	0.045709997	-0.25017682	-2.5593452	0.017019343	-0.017218497	-0.08325787	5.2452786E-4	-3.9026464E-4	-0.0015228883
1527045623417	-0.008517207	-0.014905112	0.009581857	-0.48689	-0.62056506	-12.886311	0.48213395	-0.40429518	-2.9299526	0.02183119	-0.021253489	-0.112499714	7.183981E-4	-5.822459E-4	-0.0024997492
1527045623438	-0.0042586033	-0.009581857	0.007452556	-0.68679714	-1.4410785	-11.451485	1.0482109	-0.7956451	-2.3616066	0.032324653	-0.029218558	-0.13614136	9.894706E-4	-8.3487947E-4	-0.0037443014
1527045623459	-0.0031939526	0.0021293017	0.007452556	0.0643519	-1.877824	-11.231479	1.7143987	-0.71680796	-1.5209599	0.04948721	-0.036394402	-0.15136744	0.001398973	-0.0011632997	-0.0051834024
1527045623479	-0.027680922	-0.01277581	0.007452556	0.07693601	-0.56603706	-11.604533	1.4088557	-0.22453612	-1.6006174	0.06354803	-0.038635343	-0.1673421	0.0019630366	-0.0015377098	-0.0067738127
1527045623501	-0.03726278	-0.0031939526	0.005323254	0.32028812	0.2221846	-11.968022	0.45135704	0.20225142	-1.9849625	0.068066485	-0.036610637	-0.18721323	0.002621822	-0.0019143473	-0.008548509
1527045623522	-0.03939208	-0.005323254	0.007452556	0.1052459	-0.1413964	-12.302815	0.26353753	0.2779593	-2.3373375	0.07070471	-0.03382803	-0.21061192	0.0033164297	-0.002266922	-0.01053979
1527045623543	-0.031939525	0.014905112	0.008517207	-0.2809474	-0.1387085	-11.8054085	0.3520646	-0.064059556	-2.2559853	0.07421843	-0.034467366	-0.23312736	0.0040396187	-0.0026077267	-0.012754118
1527045623564	-0.04045673	0.007452556	0.008517207	-0.113683	0.24019137	-12.159332	0.14027384	-0.11691029	-2.18882	0.075622685	-0.035637736	-0.25503927	0.004789636	-0.002958632	-0.015197596
1527045623585	-0.029810224	0.013840461	0.006387905	-0.2185802	-0.12152875	-12.149766	0.1482499	-0.086194485	-2.3606548	0.077102266	-0.036497984	-0.27859935	0.0055517573	-0.0033186006	-0.017860536
1527045623606	-0.028745573	0.013840461	0.005323254	-0.18382712	-0.30391368	-12.427167	0.40442765	-0.20012383	-2.4897242	0.08115093	-0.03850139	-0.30352357	0.0063438807	-0.0036940037	-0.020774303
1527045623627	-0.029810224	0.029810224	0.005323254	-0.016467825	-0.5021861	-12.12107	0.61807954	-0.16170159	-2.4705772	0.08733842	-0.04012016	-0.3282561	0.00718724	-0.0040875375	-0.023936624
1527045623648	-0.035133477	0.031939525	0.005323254	0.27521908	-0.45293045	-11.814974	0.7515555	0.03080874	-2.160698	0.09483918	-0.039812677	-0.34982052	0.0080963345	-0.004486415	-0.027320333
1527045623669	-0.042586032	0.027680922	0.007452556	0.28402275	-0.22464976	-11.853236	0.662391	0.20940739	-2.0279522	0.10147026	-0.037716333	-0.37012202	0.009078945	-0.00487448	-0.030923946
1527045623693	-0.03939208	0.029810224	0.006387905	0.3610495	-0.15210561	-12.522821	0.5422036	0.29009578	-2.3843155	0.10689817	-0.03481223	-0.393991	0.0101219155	-0.0052375156	-0.03474865
1527045623716	-0.04045673	0.034068827	0.005323254	-0.30335778	-0.39715254	-12.063677	0.5462268	-0.020720914	-2.490178	0.11234969	-0.035019033	-0.41884375	0.011215996	-0.0055859843	-0.03880482
1527045623738	-0.036198128	0.043650683	0.006387905	-0.0588656	-0.7323794	-12.436732	0.76596344	-0.31129706	-2.4427156	0.12001762	-0.038135376	-0.44329736	0.012379091	-0.0059521524	-0.043120198
1527045623761	-0.042586032	0.042586032	0.0042586033	-0.104280844	-0.4075516	-12.226292	0.8044702	-0.22368	-2.522769	0.12807104	-0.0403746	-0.46855238	0.013620879	-0.0063451277	-0.047684386
1527045623784	-0.034068827	0.04790929	0.0021293017	-0.2136735	-0.38054138	-12.513256	0.6176177	-0.2539951	-2.565096	0.13423505	-0.042909548	-0.49415284	0.014929827	-0.0067607285	-0.052488435
1527045623806	-0.03726278	0.04897394	-0.0	-0.016775548	0.11678918	-12.092374	0.38003892	-0.14370705	-2.5034857	0.13803956	-0.044348177	-0.5192148	0.016292674	-0.00719749	-0.057560764
1527045623828	-0.030874874	0.06174975	-0.0031939526	0.08311036	0.2517276	-11.786278	0.11346554	0.081613265	-2.1460667	0.13917544	-0.04353116	-0.5406987	0.01768025	-0.0076373625	-0.06286607
1527045623851	-0.02448697	0.06387905	-0.0010646508	0.72101027	0.06711073	-10.714941	0.2279928	0.4204699	-1.4549179	0.14145088	-0.03933474	-0.55521923	0.019080618	-0.008050877	-0.06833487
1527045623874	-0.02448697	0.06387905	-0.0010646508	0.4692976	-0.41584057	-10.236665	0.5853671	0.5029956	-0.6717243	0.1473109	-0.034299336	-0.56194377	0.020525992	-0.008419446	-0.07392674
1527045623897	-0.023422318	0.0628144	0.0010646508	0.30195737	-1.1052924	-9.213156	1.0692201	0.12862474	0.09135628	0.15801468	-0.033011697	-0.5610292	0.022054274	-0.008756366	-0.07954769
1527045623919	-0.03726278	0.05110324	-0.0	0.74163103	-1.0143279	-9.997527	1.3933232	0.16698916	0.2184391	0.17192048	-0.03134509	-0.5588491	0.023700701	-0.009077516	-0.085136056
1527045623940	-0.04897394	0.05110324	-0.0	0.71010053	-0.38106754	-10.848858	1.1274791	0.45767653	-0.60690403	0.18320748	-0.026763368	-0.5649247	0.025478264	-0.009368373	-0.09076101
1527045623962	-0.04897394	0.058555797	0.0021293017	0.37303007	0.29833782	-10.207969	0.45175898	0.46258152	-0.7286701	0.18771617	-0.02214666	-0.5721971	0.02732923	-0.009612442	-0.09643543
1527045623983	-0.03939208	0.056426495	0.0010646508	0.29513305	0.67884016	-10.265362	-0.11971825	0.41027153	-0.450943	0.18651769	-0.0180395	-0.5767114	0.029202428	-0.009813591	-0.102186196
1527045624004	-0.029810224	0.053232543	-0.0042586033	0.33519438	0.9233702	-10.820161	-0.41498494	0.47378036	-0.7651663	0.18236335	-0.013296564	-0.5843714	0.03104883	-0.0099704405	-0.107997894
1527045624025	-0.018099064	0.0606851	-0.005323254	0.585645	0.4095318	-10.772334	-0.23729515	0.5662991	-1.0152473	0.17999506	-0.0076447222	-0.5945039	0.032857057	-0.0100749405	-0.113880664
1527045624046	-0.011711159	0.069202304	-0.0031939526	0.5822816	-0.4642692	-10.389713	0.45675382	0.47960633	-0.7824888	0.18456754	-0.0028434633	-0.60233724	0.034681845	-0.010127438	-0.119871356
1527045624066	-0.017034413	0.067073	-0.0031939526	1.1153028	-0.4486494	-9.2609825	0.9244337	0.608374	-0.016448975	0.19382189	0.003246867	-0.6025019	0.036575843	-0.010125419	-0.12590207
1527045624087	-0.034068827	0.057491146	-0.0021293017	0.82939893	0.056805823	-9.09837	0.6951301	0.8001047	0.62185574	0.2007595	0.011232162	-0.5962956	0.038544863	-0.010053166	-0.13188426
1527045624108	-0.034068827	0.057491146	-0.0021293017	0.78665644	0.13126251	-9.414032	0.37370294	0.7193423	0.53748703	0.20450057	0.018433377	-0.5909149	0.04057336	-0.009904678	-0.13782674
1527045624129	-0.03939208	0.055361845	0.0010646508	1.8256508	0.13276154	-9.136631	0.48282656	1.2012703	0.5159054	0.20933406	0.030459095	-0.5857503	0.042644773	-0.009659951	-0.14371644
1527045624150	-0.03832743	0.059620447	0.0021293017	2.0009067	0.30149093	-9.624473	0.58057094	1.7998705	0.40636635	0.21512833	0.048422366	-0.5816946	0.044762906	-0.00926632	-0.14954217
1527045624172	-0.035133477	0.056426495	0.0021293017	0.8929987	1.327927	-9.949699	-0.11355874	1.5144258	-0.016090393	0.21399151	0.06358303	-0.5818557	0.04691083	-0.008705686	-0.15536623
1527045624193	-0.033004176	0.05110324	-0.0021293017	0.16589099	0.9284358	-9.882741	-0.67255676	0.7183732	-0.15160084	0.20725866	0.07077455	-0.58337337	0.049019363	-0.00803317	-0.16119869
1527045624214	-0.010646508	0.043650683	-0.0042586033	1.478824	-0.7098847	-10.0357895	0.38907754	0.7003824	-0.16775131	0.21114177	0.077764586	-0.5850476	0.051107246	-0.007291937	-0.16702929
1527045624235	0.0010646508	0.04897394	-0.005323254	1.5299916	-1.9563218	-9.901873	1.9656179	0.93428755	-0.13992882	0.23081924	0.08711758	-0.58644843	0.053319447	-0.0064666327	-0.17289312
1527045624257	-0.008517207	0.058555797	-0.0	1.54354	-1.6195534	-7.481798	2.376577	0.84603345	1.1484995	0.2545382	0.09556126	-0.57498604	0.055741455	-0.0055550365	-0.17868885
1527045624279	-0.02448697	0.072396256	0.0010646508	1.0938618	1.0343388	-7.902681	0.85638493	1.0743518	2.1057248	0.26311132	0.10631642	-0.55390596	0.058332507	-0.0045445547	-0.18433943
1527045624310	-0.04897394	0.03939208	-0.005323254	1.7165853	2.0609205	-6.439158	-0.8925001	1.6890316	2.5727038	0.25417665	0.12322503	-0.52815104	0.060921747	-0.003395604	-0.18975557
1527045624332	-0.031939525	0.054297194	-0.009581857	2.5041163	1.6824954	-7.759198	-0.9994643	2.4541473	2.6292114	0.24420168	0.14771819	-0.5019107	0.06340873	-0.002043555	-0.19489574
1527045624354	-0.0010646508	0.028745573	-0.005323254	2.292726	0.25739506	-7.2139645	-0.042740554	2.4618793	2.2653713	0.2437738	0.17236365	-0.47923243	0.065851256	-4.414122E-4	-0.19980678
1527045624375	-0.007452556	0.03832743	0.0010646508	1.6351007	-0.16972665	-6.9748263	0.708135	1.7829835	2.6870413	0.25086284	0.1902128	-0.4523329	0.06832712	0.0013734341	-0.20446965
1527045624396	0.014905112	0.030874874	0.0021293017	1.2628767	-0.049064048	-7.5487566	0.7098534	1.2408199	2.527504	0.2579474	0.20259658	-0.42710763	0.07086617	0.0033336142	-0.20885819
1527045624417	-0.02555162	0.017034413	-0.0010646508	2.2866201	-0.6517992	-6.3339376	1.0259683	1.4869242	2.8519258	0.2682182	0.21748193	-0.39855748	0.07349984	0.0054362826	-0.21299098
1527045624438	0.01277581	0.029810224	-0.0031939526	2.4819484	0.48500377	-7.376578	0.9436785	2.1470008	2.9247599	0.2776652	0.2389752	-0.3692782	0.07623222	0.0077210404	-0.21683432
1527045624459	-0.03832743	0.010646508	-0.0042586033	2.231112	0.8157758	-6.066103	0.2302624	2.332267	3.036653	0.27996328	0.26225194	-0.33897144	0.07901487	0.010222242	-0.2203686
1527045624480	-0.005323254	0.02448697	-0.0021293017	1.947318	0.52773714	-6.515682	0.12284156	2.0880144	3.4681044	0.28119302	0.2831547	-0.30425283	0.08182369	0.01295223	-0.2235882
1527045624502	-0.006387905	0.010646508	0.0010646508	1.9156022	0.021765053	-6.773951	0.4667174	1.8155591	3.1271954	0.28586525	0.30132997	-0.272947	0.08466206	0.015877819	-0.22647732
1527045624524	-0.0021293017	0.0031939526	-0.0	2.5624843	-0.43930268	-5.7695727	1.0085688	1.9768356	3.5116673	0.29593107	0.3210594	-0.23789948	0.08756531	0.01898364	-0.22902653
1527045624545	0.010646508	0.0031939526	-0.0042586033	2.2447455	-0.07219748	-6.5443783	1.0976783	2.1227279	3.6262703	0.30691975	0.34230968	-0.2015975	0.09058283	0.022304079	-0.23122638
1527045624566	-0.0021293017	-0.0031939526	-0.006387905	2.3010252	0.40733302	-5.893924	0.6563015	2.1183386	3.5526295	0.31348988	0.36351603	-0.16603272	0.09368824	0.02583703	-0.23306653
1527045624588	0.0	-0.005323254	-0.006387905	2.4909992	0.11712326	-6.7452545	0.60407966	2.2619784	3.4484324	0.31951877	0.3860913	-0.13161628	0.09684706	0.029577687	-0.23455185
1527045624609	-0.007452556	-0.013840461	-0.0031939526	2.824012	-0.3600812	-6.965261	1.0612296	2.3932939	2.9224472	0.33014256	0.41005015	-0.10236015	0.100098886	0.033562705	-0.235723
1527045624631	-0.006387905	-0.019163715	-0.0	2.1075916	-0.31527093	-7.481798	1.2233748	2.1422493	2.5628662	0.3423522	0.43143046	-0.07678194	0.10345474	0.037761826	-0.23661695
1527045624652	-0.01277581	-0.022357667	-0.0	1.9969507	-0.25639158	-7.1565714	1.0581108	1.7608322	2.4697351	0.3529448	0.44905785	-0.052057832	0.10693499	0.04216904	-0.23726185
1527045624673	-0.007452556	-0.023422318	-0.0021293017	1.6226959	0.3873195	-7.8357224	0.6578975	1.6283603	2.2847242	0.3595309	0.4653591	-0.029185843	0.11050122	0.046746075	-0.2376685
1527045624694	-0.01277581	-0.034068827	-0.006387905	1.9944177	0.88750225	-8.648791	0.13144168	1.7816012	1.5222616	0.36084273	0.48314002	-0.013993193	0.114096	0.051479235	-0.23788397
1527045624715	-0.0042586033	-0.029810224	-0.008517207	1.8512813	0.78298557	-8.610529	-0.0130408555	1.9441044	1.1286907	0.36071217	0.5026021	-0.0026940545	0.117707685	0.056413285	-0.23796749
1527045624735	0.0021293017	-0.023422318	-0.006387905	2.0440826	0.67670214	-7.13744	0.075510085	1.9514868	1.8875303	0.36146808	0.5221381	0.016201694	0.1213225	0.061542537	-0.23789988
1527045624756	0.006387905	-0.02555162	-0.0031939526	2.477885	0.6072171	-7.663543	0.23756498	2.2355275	2.361761	0.36383906	0.5444494	0.03977281	0.12494189	0.066864975	-0.23762056
1527045624777	0.0021293017	-0.03939208	-0.0010646508	2.445025	0.07221884	-8.007902	0.5968697	2.3361964	1.9352498	0.36981422	0.56783664	0.05914627	0.12861413	0.07243243	-0.23712543

0.7
1527045816242	-0.0010646508	0.010646508	0.0031939526	0.22507001	0.14808042	-9.825348	0.05924781	0.43191993	0.17856121	0.0011844316	0.008634575	0.0035696432	1.1839073E-5	8.6307526E-5	3.568063E-5
1527045816264	-0.013840461	0.009581857	0.0021293017	0.37172657	0.26351306	-9.605342	-0.08918846	0.445601	0.08265209	-6.0127E-4	0.01755625	0.005224476	1.7677006E-5	3.484995E-4	1.237171E-4
1527045816285	-0.03832743	0.0031939526	0.0021293017	0.20600726	0.052877344	-9.825348	-0.042078964	0.41960043	0.082416534	-0.0014424766	0.025944542	0.006872077	-2.7514106E-6	7.833148E-4	2.4462907E-4
1527045816306	0.02448697	0.018099064	0.02448697	0.8225691	-0.065924436	-8.90706	0.1820107	0.580095	0.4334793	0.002196126	0.037541308	0.015537836	4.7817457E-6	0.0014178923	4.68629E-4
1527045816327	-0.0010646508	0.01277581	-0.0010646508	-0.19883847	-0.45660976	-10.734072	0.36283156	0.31313327	-0.023080826	0.009449544	0.0438012	0.015076423	1.21186895E-4	0.0022309572	7.7463605E-4
1527045816347	-0.01277581	0.006387905	0.0021293017	0.8563581	-0.4982761	-7.8739843	0.57373583	0.25826347	0.49330902	0.020936692	0.048972066	0.024953293	4.2537844E-4	0.0031596948	0.0011753669
1527045816368	-0.0021293017	0.009581857	0.0010646508	0.2099308	1.2412103	-10.141009	-0.17567167	0.7010194	0.7922249	0.017424814	0.06298625	0.040790774	8.088237E-4	0.0042787823	0.0018325165
1527045816390	0.014905112	0.010646508	0.0021293017	0.42341056	-0.19791651	-8.667922	-0.38410276	0.5413011	0.39318848	0.00974616	0.07380748	0.048651062	0.0010804131	0.005646114	0.0027265388
1527045816410	-0.0010646508	0.008517207	0.026616272	0.38253123	0.056401547	-10.934947	0.20589533	0.44960046	-0.0033464432	0.013868528	0.08280923	0.04858406	0.0013168158	0.0072139776	0.0036999434
1527045816431	-0.028745573	0.0042586033	0.1234995	0.468915	-0.3703159	-8.859232	0.29682386	0.44542432	-0.09881687	0.019802377	0.09171377	0.046608597	0.0016533758	0.008958435	0.0046514487
1527045816452	-0.05003859	0.0031939526	0.15118042	0.67324984	0.6995865	-9.949699	0.0368679	0.67108184	0.3946991	0.020539409	0.105129465	0.054499082	0.002056615	0.010925995	0.005662078
1527045816473	-0.008517207	-0.0021293017	-0.006387905	0.349451	-0.02918712	-9.155763	-0.13873428	0.66398823	0.24596119	0.01776595	0.11840335	0.05941613	0.002439499	0.013160334	0.006800726
1527045816494	0.0	-0.0010646508	-0.0010646508	0.33041948	0.10994752	-9.834914	0.09403953	0.41367352	0.3021145	0.01964878	0.12668578	0.06546496	0.0028140515	0.01561388	0.00805089
1527045816515	-0.01277581	-0.0021293017	-0.007452556	0.05258046	-0.15289947	-9.146197	0.11110822	0.25354216	0.30568504	0.02186996	0.13175438	0.071575955	0.003229055	0.018197138	0.009420692
1527045816535	-0.04045673	-0.013840461	-0.009581857	0.28152427	0.1571872	-9.901873	0.087060176	0.23730376	0.27195263	0.023610393	0.13649836	0.0770126	0.0036836574	0.020878477	0.01090592
1527045816556	-0.0649437	-0.029810224	0.009581857	-0.6255858	-0.40912083	-8.993149	0.12057403	-0.12402424	0.34586525	0.026024485	0.13401519	0.0839374	0.004180544	0.023586543	0.0125171635
1527045816576	-0.052167892	-0.034068827	0.020228365	-0.1271672	0.6728863	-9.605342	-0.17386135	-0.24297756	0.49095535	0.022548798	0.12915778	0.093752146	0.004666062	0.026217109	0.014293272
1527045816597	-0.071331605	-0.069202304	0.014905112	0.5972252	0.11884754	-9.949699	-0.23052356	0.4290574	0.018369675	0.017940369	0.13773513	0.094119385	0.0050707744	0.028884856	0.016171155
1527045816618	-0.08197811	-0.103271134	0.021293016	-0.34582633	0.38407227	-10.198402	-0.10192007	0.29706874	-0.27951622	0.01590287	0.14367387	0.08853155	0.005409057	0.0316977	0.017996857
1527045816638	-0.19163716	-0.20015436	0.011711159	-1.1658974	0.52288747	-9.174893	-0.52281666	-0.47201952	0.09197235	0.005435208	0.13422325	0.090372995	0.0056226687	0.034479685	0.01978784
1527045816659	0.005323254	-0.27467993	0.022357667	0.5921256	1.303614	-10.925382	-0.78812677	0.15772733	-0.26691628	-0.0103203505	0.1373764	0.08503703	0.005573839	0.03719448	0.021541165
1527045816680	-0.055361845	-0.21931808	0.15330972	1.3983012	0.8658864	-10.887119	-0.5483223	1.4950306	-1.0942516	-0.02128194	0.16726378	0.0631617	0.0052579558	0.04023953	0.023022497
1527045816700	-0.20334831	-0.21399482	0.24806364	0.8172383	-0.21090008	-9.308811	0.22640043	1.4009893	-0.26959038	-0.016749026	0.19531392	0.057764053	0.004877234	0.043869235	0.024233066
1527045816721	-0.4854808	-0.16395622	0.43544218	-0.35841355	-0.34671724	-9.777521	0.622125	0.3911147	0.27182865	-0.0043120338	0.20313275	0.063198216	0.0046667163	0.04785194	0.025442153
1527045816742	-0.1927018	-0.15650368	0.49932125	0.6698702	1.7516888	-10.8105955	-0.2513355	0.6164966	-0.50476456	-0.009336518	0.21545722	0.053107396	0.004530291	0.052035984	0.026604695
1527045816766	-0.76974255	-0.12243485	0.26616272	2.9658158	5.0149937	-12.972401	-2.2176943	2.9641676	-2.1501188	-0.053738452	0.2748048	0.010058437	0.003898858	0.056943916	0.027237037
1527045816788	-1.5320326	-0.33855897	0.2949083	-4.210905	6.467438	-8.457481	-4.958994	1.1540014	-1.2958031	-0.15287443	0.2978746	-0.015846161	0.0018336438	0.062668175	0.027179185
1527045816808	-0.70905745	-0.59620446	0.09155997	0.0053879023	-1.8727676	-8.534005	-1.9398645	-1.1961726	1.0791168	-0.19165453	0.27396172	0.0057266206	-0.0016101208	0.06838401	0.027078034
1527045816829	-0.27467993	-0.8261691	-0.1927018	-2.5097413	-3.5048149	-11.049733	3.3333764	-1.4931749	0.22993946	-0.12501651	0.24411145	0.010323374	-0.004775429	0.07356244	0.027238464
1527045816850	-1.4287615	-0.58555794	-0.7122514	-0.051206566	0.06876483	-10.408845	2.6952937	-1.1471536	-0.7644901	-0.07105224	0.22114351	-0.004982994	-0.006738241	0.07822003	0.027291926
1527045816871	-3.271672	0.3076841	-0.8581086	-0.13130651	4.7401876	-10.973209	-0.4228391	1.0299883	-1.1744099	-0.07950528	0.24173416	-0.028460782	-0.008243149	0.08284676	0.026957637
1527045816891	-0.5632003	0.26935667	1.6203985	-0.063114725	5.159702	-10.858423	-2.4186	1.5226958	-1.8471003	-0.12785587	0.2721746	-0.06538643	-0.010315843	0.08798357	0.02601958
1527045816912	0.11498229	0.10859439	0.7218333	-1.7770205	2.895531	-12.312381	-1.585768	0.34791946	-2.3961906	-0.15960559	0.27914053	-0.11336217	-0.013193572	0.09350269	0.024230158
1527045816933	-0.31726596	0.5919459	-0.38646826	-1.46118	2.3562334	-11.690622	-0.34554183	-0.77913797	-2.5680103	-0.16651337	0.26356468	-0.16469964	-0.016453318	0.09892734	0.021450771
1527045816953	-0.67392397	0.7101221	-0.6345319	-0.61003983	2.7097158	-9.700996	-0.32775283	-0.37784758	-1.2387257	-0.17306553	0.25601107	-0.18946318	-0.019847604	0.1041208	0.017910711
1527045816974	0.16502088	0.53871334	-0.07559021	-1.2362446	1.083552	-9.366204	0.06049037	-0.5513339	0.04626274	-0.17185625	0.24498928	-0.18853834	-0.023295294	0.10912859	0.01413237
1527045816994	0.4897394	0.54084265	0.55787706	0.11661761	3.7928514	-8.342695	-0.58850247	-0.13701448	0.6154928	-0.18363905	0.24224602	-0.17621516	-0.0268541	0.11400622	0.0104808835
1527045817015	0.3854036	0.96031505	0.60472167	-1.2713544	3.4621823	-9.634038	-1.8047304	0.0032819808	0.2600994	-0.21971768	0.24231163	-0.17101547	-0.03088588	0.11884965	0.0070101144
1527045817037	0.23102923	1.2584172	0.5131617	-1.1018628	3.2057633	-11.279306	-1.5205917	-0.9660217	-1.0991659	-0.25011605	0.22299975	-0.19298905	-0.03558214	0.123500705	0.0033716806
1527045817058	0.054297194	1.3159084	0.56426495	-0.7020232	3.398961	-10.762768	-1.415101	-1.0211445	-1.6149893	-0.27844873	0.20255473	-0.22532383	-0.040873513	0.12776086	-8.1597967E-4
1527045817079	0.18950784	1.0444225	0.47909287	0.6663548	3.495137	-8.82097	-1.6425383	-0.27500805	-0.45880032	-0.31128496	0.19705701	-0.23449577	-0.04676824	0.1317552	-0.0054121404
1527045817100	-0.35665804	0.81552255	0.67392397	0.4164235	5.0225735	-8.046164	-2.5569084	0.3753987	0.6893158	-0.36240047	0.20456167	-0.22071557	-0.053502113	0.1357696	-0.009962238
1527045817121	-0.5067738	0.78677696	0.80061746	-0.81760144	2.8424227	-8.046164	-2.439829	-0.55391866	1.2054443	-0.41117546	0.1934882	-0.19661735	-0.061234448	0.13974833	-0.01413372
1527045817142	0.104335785	1.0337759	0.9784141	-0.6026505	2.769784	-9.155763	-1.3789558	-1.5692887	0.9616041	-0.43878445	0.16206843	-0.17736444	-0.06974325	0.14330775	-0.01787759
1527045817163	0.76654863	1.2435122	1.3286842	0.560334	1.8985679	-8.2948675	-0.8859696	-1.2184504	0.87836456	-0.456496	0.13771021	-0.15980493	-0.07869209	0.1463042	-0.021247791
1527045817184	0.82403976	1.1881503	1.4010805	1.1173579	3.2857933	-8.801839	-1.2189276	-0.5755775	0.9271698	-0.48086375	0.12620376	-0.14126973	-0.08806154	0.14894217	-0.024257205
1527045817205	0.24806364	1.0859438	1.6384976	1.7922946	2.0872684	-8.610529	-1.3599207	-0.23127383	0.6641302	-0.5080916	0.12157327	-0.12797274	-0.09796181	0.15142262	-0.026952546
1527045817226	-0.17247343	0.8602379	1.747092	0.9995456	2.9455953	-8.33313	-1.3011369	-0.5127454	0.9631357	-0.53410286	0.1113229	-0.10871855	-0.10837914	0.15375055	-0.02931841
1527045817247	-0.79316485	0.8857895	1.8397167	2.1880422	3.0370247	-9.031411	-1.7257671	-0.60153544	0.6484604	-0.5686029	0.099297516	-0.09575508	-0.11940131	0.15585582	-0.031362243
1527045817268	-1.0625216	0.9241169	1.8258762	2.1314294	2.5897255	-9.002714	-1.372915	-0.4201702	0.21446037	-0.5960491	0.090897836	-0.09146777	-0.13104267	0.15775692	-0.033233643
1527045817289	-0.8655611	0.74099696	2.043065	1.9614904	0.5582292	-9.681866	0.0035908818	-0.8206282	0.14312553	-0.5959772	0.07446749	-0.08860215	-0.14297585	0.15941237	-0.035036292
1527045817310	-0.38327432	0.5546831	2.1484654	2.2363043	0.8046201	-9.892307	0.99445283	-1.0392461	-0.13545132	-0.57609695	0.053691767	-0.09130997	-0.1546914	0.16069339	-0.036834616
1527045817330	-0.2448697	0.41201988	2.2964518	2.7803566	0.5826973	-8.677487	0.8318089	-0.6219343	0.20503426	-0.55946815	0.04125859	-0.0872111	-0.16604201	0.16164248	-0.038619038
1527045817351	-0.7335444	0.38433895	2.3912058	3.5079033	1.3423487	-7.280923	0.22247344	0.21048129	1.1665306	-0.55501384	0.045472775	-0.06385521	-0.1771989	0.16251072	-0.040131338
1527045817371	-1.6810837	0.5259375	2.5072527	3.5078912	1.2375735	-7.2904882	-0.22878838	0.5835999	1.630436	-0.5595876	0.057139605	-0.031260926	-0.18833998	0.1635364	-0.041082077
1527045817392	-2.1484654	0.47057566	2.4795718	2.7327003	0.7218836	-9.347074	0.5859729	-0.11619818	0.88617706	-0.5478733	0.05481667	-0.013545241	-0.1994097	0.16465546	-0.04152994
1527045817413	-2.2112799	0.48441613	2.6392694	2.82271	0.13478671	-10.523631	1.8866398	-0.8068787	-0.31858063	-0.51009965	0.038661614	-0.019923765	-0.21000089	0.16559125	-0.04186499
1527045817433	-1.3883047	0.33962363	2.5232224	3.5658917	-1.0690203	-9.547949	2.7985215	-0.13844752	-0.3663063	-0.45415398	0.03589389	-0.02724664	-0.21963915	0.16633648	-0.042336486
1527045817454	-0.69415236	-0.03726278	2.6424634	3.21364	-3.1368496	-8.141819	3.7770214	1.1586195	0.9290724	-0.378647	0.05905602	-0.008673424	-0.22796348	0.16728556	-0.042695526
1527045817475	-0.72076863	-0.45354125	2.762769	3.4749908	-2.6462998	-7.2139645	3.9173741	1.9387236	2.0938816	-0.30033422	0.09781332	0.03318567	-0.23475029	0.16885357	-0.042450514
1527045817495	-1.0348406	-0.53551936	2.8915918	3.4734359	-1.2410672	-7.912246	2.8853202	1.7269067	1.9375286	-0.24256529	0.13238887	0.07197822	-0.24018516	0.17115808	-0.041397735
1527045817518	-1.0667801	-0.23848179	3.031061	4.4290032	-0.5354694	-9.471425	2.1113048	1.2843286	0.5311146	-0.20035788	0.15806407	0.08259581	-0.24461243	0.17406131	-0.03985268
1527045817539	-0.99970716	0.019163715	2.996992	3.5026958	-1.5951186	-10.007092	2.5651045	1.2174376	-0.38961983	-0.1490785	0.18240204	0.07480686	-0.24810524	0.17746447	-0.038279347
1527045817560	-0.74099696	-0.13733996	2.8809452	3.705462	-3.1622999	-9.327943	3.544135	1.9134014	0.0014247894	-0.07811902	0.22071153	0.0748354	-0.25037968	0.18149997	-0.036781304
1527045817581	-0.81552255	-0.41521382	2.4284685	4.0988636	-3.0916774	-8.591398	3.4063587	2.8891191	0.5616627	-0.0100219995	0.27846834	0.086063676	-0.2512607	0.18648957	-0.035173025
1527045817602	-1.3499773	-0.5451012	2.311357	4.588811	-2.0454862	-7.022654	2.0919697	3.1004314	1.2925224	0.031798873	0.3404495	0.11190267	-0.25104302	0.19267601	-0.033194236
1527045817626	-1.7800962	-0.34175292	2.4284685	4.606311	-1.1165278	-7.7687635	1.0224047	2.698906	1.4246645	0.052237913	0.39440373	0.14038335	-0.250203	0.20002128	-0.030672492
1527045817647	-1.4734768	-0.21505947	2.6648211	4.4027047	-1.7822167	-9.394901	1.4299362	2.4878478	0.42084026	0.08086762	0.44421458	0.14880927	-0.24887052	0.20841655	-0.027777433
1527045817668	-0.8836602	-0.24167573	2.3858826	3.8289456	-2.5702739	-10.762768	2.640555	2.8086214	-0.62134933	0.13365534	0.50036216	0.1363878	-0.24672624	0.21785814	-0.024926726
1527045817690	-0.6515663	-0.1820553	2.0420003	3.099022	-3.633809	-10.255796	3.6005278	3.3415694	-0.59713554	0.20563403	0.56716394	0.12445037	-0.24333486	0.22852868	-0.0223195
1527045817710	-0.6153682	-0.4854808	1.9153068	4.452102	-2.882696	-8.677487	2.754499	3.7461805	0.16934872	0.2607837	0.6421687	0.12784101	-0.23866563	0.24063511	-0.019793853
1527045817731	-1.0390992	-0.6409198	2.0611641	4.8133373	-0.7523265	-7.319185	0.6506678	2.9263535	0.87124443	0.27379128	0.7006699	0.14525819	-0.23332225	0.25405756	-0.01706407
1527045817751	-1.6182693	-0.47483426	2.1271725	5.817829	3.5103285	-14.818543	0.37611246	0.19453764	-2.5661592	0.2813102	0.7045589	0.09395773	-0.2277737	0.26810363	-0.01467297
1527045817772	-1.4351493	-0.1927018	2.046259	4.256584	0.78859603	-12.8576145	1.647752	-0.531919	-4.978595	0.31425065	0.69392526	-0.005570084	-0.22182073	0.2820823	-0.013789485
1527045817793	-0.72928584	-0.07452556	1.7364455	3.8204412	-1.127848	-9.86361	1.9327674	1.4696661	-2.0157776	0.3529479	0.7233504	-0.045929313	-0.21514152	0.2962704	-0.014305037
1527045817813	-0.31726596	-0.16608553	1.5139335	4.0720487	-1.7155837	-7.6348467	0.99180603	2.5731187	0.4924717	0.37277523	0.77479	-0.03608425	-0.2078875	0.31124517	-0.01512481
1527045817834	-0.49932125	-0.3162013	1.6438209	3.63706	-1.8999422	-6.515682	0.25113225	2.8328915	2.0419354	0.37779564	0.83142275	0.0047363825	-0.20038511	0.3273002	-0.01543815
1527045817855	-1.6938595	0.66540676	2.1878574	3.5814784	-1.4934117	-7.041785	0.26757216	2.684194	2.405264	0.38315287	0.8851648	0.05289377	-0.19276738	0.34448466	-0.014861224
1527045817875	-1.6608553	0.9241169	2.3975937	3.521572	-1.3419656	-7.2043986	0.4986055	2.489241	2.1184635	0.39312056	0.9349276	0.09524429	-0.18500808	0.3626775	-0.0133805
1527045817896	-1.1828271	0.6302733	2.46999	4.2344112	1.0920902	-9.547949	0.9354919	1.4131292	0.72050476	0.4118221	0.9631777	0.10964801	-0.17696221	0.38165015	-0.011332484
1527045817917	-0.66540676	0.12243485	2.1090734	3.9713504	1.9666665	-9.7870865	1.5188752	-0.06281665	-0.70754147	0.44218618	0.96192193	0.09550345	-0.1684259	0.40089262	-0.009281877
1527045817940	-0.5908812	-0.3076841	1.676825	4.2609453	0.3577155	-6.266979	0.6636045	0.0015485287	0.7222767	0.45547265	0.9619529	0.10996463	-0.1594396	0.42015222	-0.0072249705
1527045817961	-0.8229751	-0.32152456	1.4745414	5.552406	-0.37094545	-7.2139645	-0.8175098	0.8947938	1.5455837	0.43912968	0.9798409	0.14086263	-0.15049753	0.43956155	-0.004717808
1527045817981	-1.9451171	0.11285299	1.6715019	3.8323882	-0.763139	-7.558323	-0.42919266	1.6353688	1.1911783	0.43054962	1.0125338	0.16467565	-0.14180458	0.45947647	-0.0016637777
1527045818003	-2.8873332	0.22889993	2.7159243	3.2150514	0.62601775	-11.231479	1.6382246	1.9668341	0.08251667	0.4633496	1.051913	0.16632777	-0.13285589	0.4801433	0.0016498426
1527045818023	-1.5682306	-0.2725506	2.859652	4.0523376	-0.29837352	-13.163711	2.862195	2.6583774	-2.3159428	0.5205682	1.105057	0.12002942	-0.123021066	0.50170344	0.004512147
1527045818045	-1.1838918	-0.5802347	2.0558407	4.326876	-2.4752257	-10.791465	1.6350697	4.0041027	-2.2047634	0.5532551	1.1851037	0.07595366	-0.11228759	0.5245949	0.00647111
1527045818065	-0.5429719	-0.96031505	1.7151525	4.761471	-1.5405296	-10.475803	0.28625107	4.033886	-1.2187481	0.5589863	1.2658688	0.05155228	-0.10115313	0.54913116	0.007747551
1527045818086	-0.24167573	-1.2520294	1.5416144	3.830869	1.2193176	-8.90706	0.60199034	1.9825906	-0.5984888	0.5710208	1.305503	0.039587803	-0.08985806	0.5748335	0.008658549
1527045818107	0.16608553	-1.2467061	1.4979638	3.649047	-0.5769198	-8.33313	0.6037029	1.1641662	0.4787197	0.5830895	1.328776	0.04915796	-0.07832207	0.60116464	0.009545613
1527045818128	0.33217105	-0.39072686	2.1995687	3.3038042	-2.874252	-10.638416	0.13752174	3.0897894	0.008813858	0.5858387	1.3905444	0.04933415	-0.06663796	0.6283458	0.010530098
1527045818148	-0.7963588	0.009581857	1.9429878	3.6617737	-1.7585663	-10.303624	0.20559144	3.772099	-0.8294239	0.589955	1.4660681	0.03272771	-0.05486729	0.65694284	0.011351606
1527045818169	-1.3648823	0.2491283	1.5863297	4.393424	0.17617618	-9.911438	0.37006938	2.1903527	-0.8933382	0.5973531	1.5098559	0.0148688555	-0.042999465	0.6866889	0.011827361
1527045818189	-1.7779669	0.010646508	1.6321098	4.183461	0.75753534	-9.796652	0.6796808	1.1066418	-0.8863697	0.6109407	1.5319788	-0.0028506909	-0.030921876	0.71709377	0.011947489
1527045818210	-1.5735539	-0.47909287	1.8429106	2.8146033	-1.958192	-8.486177	0.19830835	2.1736898	0.2431736	0.61491114	1.5754998	0.0020180503	-0.018650077	0.7482022	0.011939154
1527045818232	-1.0784913	-0.6057863	1.4255675	3.9674864	0.8107196	-8.763577	-0.008286595	2.051484	0.7352381	0.6147455	1.6165113	0.016716301	-0.006358955	0.7801082	0.012126414
1527045818254	-1.08275	-0.3854036	0.99757785	3.9073343	1.8421178	-8.170515	0.666006	0.2904744	0.38791084	0.62805974	1.6223183	0.024471084	0.0060635954	0.8124822	0.012538105

0.6
1527045826608	-0.1841846	0.45567057	0.49506265	4.0879927	-8.59186	-2.8329618	0.10652423	-0.37529683	0.056417465	0.0021327925	-0.007514068	0.001129562	2.1351028E-5	-7.522208E-5	1.1307857E-5
1527045826629	-0.134146	0.4247957	0.54190725	4.1498904	-8.622489	-3.215582	-0.22050416	-0.21115318	-0.21069527	-0.0022753384	-0.011735262	-0.0030824682	1.99262E-5	-2.6763018E-4	-8.212559E-6
1527045826650	-0.09049532	0.42798963	0.5568124	4.037519	-8.421425	-3.0051405	-0.31582785	-0.08868179	-0.1531725	-0.008589099	-0.013508113	-0.006144562	-8.867008E-5	-5.1995215E-4	-1.0044202E-4
1527045826671	-0.08943067	0.5802347	0.5685235	3.5506704	-8.597814	-2.1729414	0.06223142	-0.3723686	0.12981415	-0.0073450217	-0.020952187	-0.0035494186	-2.4794074E-4	-8.644026E-4	-1.973389E-4
1527045826691	-0.1884432	0.8197811	0.6121742	3.2401972	-8.785997	-1.7616248	0.53084826	-0.8542078	0.30970764	0.0032834457	-0.038054854	0.0026514449	-2.886005E-4	-0.0014551124	-2.0632836E-4
1527045826712	-0.2597748	0.9411513	0.649437	3.1856418	-9.0553055	-2.2685966	0.46303332	-1.0276036	0.16647148	0.012540012	-0.058597825	0.00597941	-1.30436E-4	-0.0024212112	-1.2005802E-4
1527045826733	-0.1256288	0.8921774	0.6962817	2.9072435	-9.687884	-3.0529685	-0.12416339	-1.169822	-0.34547806	0.010057843	-0.08198391	-9.270925E-4	9.5442505E-5	-0.0038264063	-6.955721E-5
1527045826755	0.04152138	0.88259554	0.78358305	2.5006812	-10.645705	-4.124305	-0.98821247	-1.5648627	-1.1664944	-0.009727818	-0.113315076	-0.024282254	9.8746335E-5	-0.005781512	-3.219238E-4
1527045826775	-0.06813765	1.0912671	0.82723373	1.9086015	-10.51149	-3.952126	-1.4972634	-2.0111125	-1.4669428	-0.03965983	-0.15351951	-0.053608123	-3.949115E-4	-0.008448676	-0.0011004829
1527045826796	-0.29277897	1.4106624	0.7250272	1.5431324	-10.03196	-3.3016715	-1.2664272	-2.2936969	-0.9193859	-0.06497716	-0.19937314	-0.07198771	-0.0014408183	-0.011976041	-0.0023558852
1527045826817	-0.3641106	1.6821483	0.5451012	1.6784786	-9.694354	-2.4886034	-0.6437769	-2.281414	-0.3365879	-0.077847	-0.24498121	-0.0787165	-0.0028684274	-0.016417617	-0.00386226
1527045826837	-0.31407198	1.7758377	0.39711475	1.8124608	-9.161063	-2.4599068	-0.29182935	-2.0251217	0.105731964	-0.083689906	-0.28552753	-0.07659957	-0.0044855466	-0.021728452	-0.0054171034
1527045826858	-0.28745574	1.6757604	0.2991669	1.6183372	-8.841973	-3.311237	-0.7843646	-1.9011725	0.41007423	-0.099370256	-0.32353413	-0.0684017	-0.006315338	-0.027816372	-0.006866474
1527045826879	-0.30874875	1.4734768	0.2448697	1.6200591	-8.483147	-3.856471	-1.5476202	-1.9011458	0.6017895	-0.13030896	-0.36154023	-0.05637125	-0.008611113	-0.034664083	-0.008113652
1527045826899	-0.28000316	1.3148438	0.19802506	1.5553182	-8.367921	-3.6747262	-1.7720264	-1.9019623	0.79805374	-0.16578788	-0.39962068	-0.040392876	-0.011575289	-0.042283937	-0.009082341
1527045826920	-0.1948311	1.2733225	0.20973621	1.7604012	-9.061715	-3.4547195	-1.5126452	-1.9968162	0.567461	-0.19602738	-0.4395393	-0.029048689	-0.01519184	-0.050671823	-0.009776449
1527045826941	-0.10007718	1.2839689	0.2512576	2.2514021	-9.232306	-3.311237	-1.2575966	-1.8731031	0.0958004	-0.22116818	-0.4769848	-0.027133519	-0.019361949	-0.059833005	-0.010338022
1527045826961	-0.1213702	1.3095205	0.179926	2.5462492	-9.20085	-2.7755685	-0.9506503	-1.5444958	-0.038936615	-0.24017276	-0.507861	-0.027911907	-0.023973316	-0.0696771	-0.010888233
1527045826983	-0.16289158	1.323361	0.07559021	2.5499334	-9.481341	-1.8285832	-0.2404949	-1.4075556	-0.0560112	-0.24498788	-0.53604263	-0.029033354	-0.028830178	-0.08012745	-0.011458302
1527045827004	-0.043650683	1.2499001	-0.008517207	2.461441	-9.164122	-1.2642183	0.45135254	-1.3785558	0.12503147	-0.23596482	-0.56360155	-0.02653383	-0.033637576	-0.09111902	-0.012013728
1527045827025	0.14585717	1.0571983	-0.12456415	2.7936156	-8.784447	-1.4746594	0.46886337	-1.1674542	0.42759132	-0.2265917	-0.5869403	-0.017985791	-0.038261093	-0.10261935	-0.012458727
1527045827046	0.20228367	0.8570439	-0.23102923	3.6151674	-8.905575	-0.98681855	0.4329843	-0.63724816	0.33541965	-0.21792264	-0.5996991	-0.01127013	-0.042711053	-0.1144986	-0.012751603
1527045827067	0.11285299	0.8208458	-0.25232226	4.381495	-9.460139	0.3332215	1.2085102	0.06487033	-0.15685463	-0.19376314	-0.59840226	-0.014405834	-0.046826087	-0.1264743	-0.013008249
1527045827088	-0.029810224	0.83894485	-0.24061109	4.403425	-10.049572	0.48626962	1.9320025	0.29276618	-0.7319298	-0.15514019	-0.5925495	-0.029037949	-0.050313577	-0.13837855	-0.013442495
1527045827109	0.03939208	0.68350583	-0.30129617	3.825106	-9.959382	-0.44158468	1.6094239	-0.2124071	-0.89855194	-0.12296596	-0.59679574	-0.04700103	-0.053093407	-0.15026674	-0.014202548
1527045827131	0.021293016	0.539778	-0.45567057	3.6782758	-9.659591	-1.3407423	0.7144661	-0.7759695	-0.691906	-0.10866116	-0.6123319	-0.06085415	-0.05541219	-0.16237111	-0.015282269
1527045827152	-0.14053391	0.6387905	-0.5046445	4.4011893	-9.1379385	-1.7042316	-0.04208231	-0.6371981	-0.53111076	-0.109502435	-0.6250703	-0.07147166	-0.057592858	-0.17473966	-0.016604941
1527045827173	-0.402438	0.91134113	-0.4375715	5.1024537	-8.537279	-1.5416181	-0.38772243	0.06585696	-0.36527443	-0.11725345	-0.6237537	-0.07877392	-0.059859414	-0.18722238	-0.018106733
1527045827193	-0.69202304	1.1828271	-0.34281757	5.1628933	-8.002748	-1.2833494	-0.37577075	0.58013403	-0.017597198	-0.12477701	-0.61213845	-0.07912624	-0.06228234	-0.19959469	-0.019687444
1527045827214	-0.85065603	1.3180377	-0.24380504	4.843995	-7.451345	-1.426832	-0.40099728	0.6178341	0.51864624	-0.13279341	-0.59978724	-0.06875791	-0.0648569	-0.21170859	-0.021165632
1527045827234	-0.7250272	1.298874	-0.1927018	4.398225	-7.5580325	-1.7903212	-0.57619643	0.218162	0.85763264	-0.14431223	-0.5954259	-0.051612847	-0.06762673	-0.22365543	-0.022368807
1527045827255	-0.43011895	1.2328657	-0.1362753	5.094573	-8.193722	-1.38857	-0.49410945	0.09915602	0.47475815	-0.15420513	-0.59344065	-0.042107396	-0.070615135	-0.23555698	-0.023307025
1527045827275	-0.37582174	1.2967447	-0.09155997	5.66595	-8.391425	-0.977253	-0.22000033	0.53203297	-0.14601707	-0.15860319	-0.5828047	-0.045026436	-0.07374183	-0.24731421	-0.024177978
1527045827296	-0.46631706	1.4064038	-0.14159857	5.5028124	-7.8771744	-0.94855654	-0.17900726	0.7727853	-0.087711334	-0.16218175	-0.5673558	-0.046779897	-0.07694826	-0.25881073	-0.025095634
1527045827317	-0.38859755	1.4841232	-0.25019294	4.749312	-7.2127686	-1.3216114	-0.4046401	0.47049147	0.6251869	-0.17027096	-0.55795014	-0.034281686	-0.08027132	-0.2700588	-0.02590589
1527045827338	-0.20015436	1.5724893	-0.27893853	4.2866006	-6.8613954	-1.4842249	-0.6365054	-0.04726097	1.340456	-0.18301487	-0.55889636	-0.0074435305	-0.083808005	-0.2812394	-0.026323594
1527045827359	-0.20015436	1.5724893	-0.27893853	4.386232	-7.078967	-1.2259562	-0.60559225	-0.2659582	1.4997654	-0.19512135	-0.56421316	0.02253851	-0.08758769	-0.2924655	-0.02617271
1527045827380	-0.11178834	1.7151525	-0.179926	4.470175	-7.5999484	-0.73811543	-0.27170327	-0.2797827	1.1735783	-0.20055301	-0.56980634	0.045999683	-0.09154268	-0.30380067	-0.025487632
1527045827400	-0.13733996	1.884432	-0.01277581	4.4858217	-8.216648	-0.34592956	0.16753331	-0.34915912	0.69688606	-0.19719872	-0.57679707	0.059952494	-0.09552451	-0.31527913	-0.024426961
1527045827421	-0.15118042	1.9823799	0.10114183	4.536963	-8.167755	-0.106791876	0.38431865	-0.35315424	0.4530697	-0.18951575	-0.583857	0.069009885	-0.09938995	-0.3268805	-0.023137908
1527045827445	-0.0628144	1.9589576	0.09049532	4.2224193	-7.995614	0.036690734	0.43529242	-0.36601716	0.6192055	-0.18081376	-0.5911741	0.08138851	-0.103091605	-0.3386256	-0.02163459
1527045827466	0.09901253	1.835458	-0.017034413	4.033692	-7.851569	0.26626292	0.526672	-0.44741404	0.8844805	-0.17028499	-0.60011846	0.09907029	-0.10660104	-0.35053325	-0.0198308
1527045827487	0.31726596	1.6789544	-0.11498229	3.8926895	-8.107635	0.44800755	0.66367817	-0.5603602	0.91944504	-0.15699704	-0.6113378	0.1174791	-0.1098774	-0.36266094	-0.017662961
1527045827508	0.4982566	1.5330973	-0.14479251	3.9339778	-8.5160265	0.6297523	0.8023265	-0.74779606	0.65669537	-0.14095761	-0.6262871	0.13060719	-0.11285563	-0.3750317	-0.015183196
1527045827529	0.5195496	1.4127916	-0.103271134	4.0260863	-8.475619	1.0602001	0.9029578	-0.72030646	0.44360733	-0.12290645	-0.64068687	0.1394754	-0.115493104	-0.38769585	-0.012483566
1527045827550	0.49932125	1.277581	-0.053232543	4.1974335	-8.352268	0.98367596	0.780468	-0.62408936	0.42772388	-0.10728018	-0.6531822	0.14803915	-0.117797464	-0.40064856	-0.009605305

0.6
1527045834986	0.0031939526	-0.027680922	-0.057491146	3.9265087	-8.852339	0.05582175	0.17131943	0.16832131	0.06469536	0.0034248717	0.003364936	0.0012933344	3.4233555E-5	3.3634464E-5	1.2927619E-5
1527045835007	0.07984881	-0.08091346	-0.07559021	3.6681435	-8.8902645	0.084518276	0.19259104	0.0074504837	0.14605522	0.0072808657	0.003514107	0.004217613	1.4140691E-4	1.0249941E-4	6.80968E-5
1527045835027	0.14585717	-0.10859439	-0.085172065	3.4166405	-8.8340225	-0.07809536	0.07016063	-0.22135144	0.2532406	0.008683457	-9.1096177E-4	0.009280192	3.0097945E-4	1.2851934E-4	2.0301508E-4
1527045835048	0.12882276	-0.085172065	-0.09688323	2.876201	-9.669845	0.28539392	0.058704495	-0.76314825	0.051519394	0.009857027	-0.01616717	0.010310133	4.863022E-4	-4.2186366E-5	3.9883162E-4
1527045835068	0.017034413	0.0021293017	-0.09901253	1.8493202	-11.158124	1.471517	0.60460806	-2.0787556	-0.6990118	0.021962289	-0.05778732	-0.003685249	8.0484006E-4	-7.825325E-4	4.6515223E-4
1527045835090	0.0606851	0.006387905	-0.16182692	0.022511672	-13.360519	0.87845546	0.5280416	-4.168624	-1.8181477	0.032518446	-0.14112289	-0.040032096	0.0013494063	-0.002770754	2.8172275E-5
1527045835110	0.24167573	-0.17353809	-0.48015752	-1.717644	-13.798878	2.5619848	0.62594783	-6.466366	-2.2811718	0.04503186	-0.27039295	-0.08563535	0.0021245661	-0.0068840906	-0.0012279459
1527045835131	0.47164032	-0.54723054	-1.3169731	-2.4902945	-12.45822	2.246323	0.9757931	-7.7269616	-1.2366323	0.06456886	-0.4250996	-0.11039479	0.0032217605	-0.01384655	-0.0031903707
1527045835152	1.0082244	-1.3244257	-2.622235	-2.1675649	-10.807828	-0.6520259	-0.79869545	-7.3157663	0.4833145	0.048602022	-0.57135016	-0.10073278	0.004352968	-0.023806637	-0.005300712
1527045835173	2.082457	-2.5115113	-3.798674	-0.69230044	-9.495617	-2.70861	-3.3396842	-5.696926	1.7931728	-0.018162094	-0.68523824	-0.06488519	0.0046572327	-0.03636696	-0.006956158
1527045835194	2.9501474	-3.2344093	-4.564158	1.549773	-8.585388	-3.3973265	-4.6236925	-3.5684683	2.2162495	-0.11059501	-0.756576	-0.02057983	0.0033702315	-0.050778717	-0.00781043
1527045835215	3.2269566	-3.158819	-4.9410443	2.6879141	-7.826359	-2.1155486	-4.286251	-2.2598698	2.2819233	-0.19641289	-0.80182236	0.025108077	2.968267E-4	-0.066379584	-0.0077650985
1527045835235	3.1790473	-2.762769	-5.1550393	3.3088331	-5.667067	-0.6902878	-2.8284807	-1.7343717	3.0145798	-0.25295746	-0.83649445	0.085372984	-0.0041948874	-0.0827555	-0.006660777
1527045835256	3.1141038	-2.6201057	-5.512762	4.5770445	-2.821838	-0.93899107	-1.3733134	-0.31225452	4.051694	-0.28041157	-0.8427368	0.16637099	-0.009526217	-0.099540375	-0.0041444516
1527045835277	3.289771	-3.0512893	-5.906683	6.0991454	-0.22997773	-2.2685966	-0.436255	2.10899	4.3555923	-0.28914613	-0.8005113	0.2535772	-0.015227964	-0.11599066	5.9579965E-5
1527045835298	3.6155543	-3.6698515	-5.9993076	8.108537	3.504216	-3.6173332	0.9905521	5.0291877	3.750946	-0.26934385	-0.6999721	0.32856292	-0.020810392	-0.13098885	0.005878404
1527045835319	3.8849108	-4.049932	-5.8002176	9.995056	7.0619173	-4.153002	3.6179855	7.483077	2.3134794	-0.19701618	-0.55037683	0.374812	-0.025471928	-0.1434868	0.012909038
1527045835340	4.076548	-4.244763	-5.2157245	10.890342	6.5777955	-7.4148397	4.4497705	8.774557	0.15517998	-0.108060166	-0.37496337	0.37791425	-0.02852134	-0.1527361	0.020432968
1527045835362	4.053126	-4.4321413	-4.04035	10.312981	4.0320053	-9.892307	2.3591337	8.970735	-1.6249924	-0.060826376	-0.19535431	0.3453792	-0.030212035	-0.15844545	0.027673738
1527045835392	3.4984426	-4.1595907	-2.6946313	10.298181	3.1213214	-11.049733	0.73977005	8.481066	-2.7077208	-0.046037525	-0.025808081	0.29124877	-0.0312802	-0.1606561	0.0340372
1527045835415	2.548774	-3.1417847	-1.8333287	10.0197	3.1324866	-8.983583	1.0651754	6.928198	-2.979311	-0.024743447	0.11269453	0.23168893	-0.031987697	-0.15978761	0.03926426
1527045835437	1.5927176	-1.8439753	-1.3829814	9.933825	3.1878417	-7.5487566	1.959177	4.7387705	-2.4999723	0.014482541	0.20757261	0.18163532	-0.032090418	-0.15658148	0.043401983
1527045835458	1.1019136	-1.0156769	-0.9816081	9.546158	1.1078558	-6.6304684	1.3965207	3.0823014	-1.959837	0.04240059	0.26919135	0.14245594	-0.03152184	-0.15181595	0.04664146
1527045835479	0.9784141	-0.7473849	-0.5482952	8.998199	-0.16528128	-6.152193	-0.034209013	1.9653145	-1.3045025	0.041716713	0.30848023	0.116377436	-0.030681038	-0.1460418	0.04922865
1527045835499	1.0529397	-0.66860074	-0.34601152	8.663376	-0.08503525	-5.3965178	-0.44045734	1.3095856	-0.6649952	0.032911465	0.33466035	0.10308341	-0.029935086	-0.13961324	0.051422287
1527045835520	1.1615341	-0.6355966	-0.42586035	8.620106	0.45591667	-5.7121797	-0.01900518	1.1454828	-0.41622353	0.03253095	0.35759482	0.09474993	-0.029279953	-0.13268319	0.053402763
1527045835541	1.0007718	-0.5525538	-0.47589892	8.559692	0.13093387	-5.9513173	0.100679904	1.322614	-0.5081892	0.034543656	0.38403538	0.08459064	-0.028609503	-0.12527017	0.055195376
1527045835561	0.66008353	-0.39924407	-0.3641106	8.379009	-0.24569164	-5.1765113	-0.17468828	0.9857907	-0.28884697	0.031051436	0.40374246	0.07881627	-0.027953843	-0.11739588	0.056828722
1527045835582	0.41947243	-0.1884432	-0.27787387	8.386845	-0.23306991	-4.6025805	-0.24953586	0.34961724	0.09646034	0.026055312	0.41074237	0.08074757	-0.027382156	-0.10924221	0.05842609
1527045835603	0.42053708	-0.14266321	-0.32578316	8.515816	0.33633956	-4.937373	0.05624801	0.22527432	0.091897964	0.027179774	0.41524586	0.0825847	-0.026850041	-0.10098598	0.06005869
1527045835623	0.4897394	-0.22251202	-0.37475708	8.557297	0.45187557	-4.698236	0.38353494	0.23828459	-0.005358696	0.034847077	0.42000943	0.08247758	-0.026230047	-0.09263713	0.061708584
1527045835644	0.5025152	-0.24061109	-0.3332357	8.602954	0.26048726	-4.87998	0.34701955	0.13711059	-0.031518936	0.041784395	0.42275044	0.08184747	-0.025464071	-0.084213264	0.06335111
1527045835664	0.45247662	-0.22251202	-0.23102923	8.521683	0.15390296	-5.2243385	0.17498583	0.3071866	-0.14381981	0.045287903	0.42890084	0.078967944	-0.024592405	-0.07568753	0.06496101
1527045835685	0.17353809	-0.14159857	-0.15118042	8.439185	0.17444259	-4.946939	0.12680894	0.33341527	-0.089084625	0.04782296	0.4355662	0.07718704	-0.023661708	-0.06704669	0.06652187
1527045835706	-0.0628144	-0.010646508	-0.11711159	8.496059	0.24465139	-4.286919	0.20090257	-0.079431295	0.14976597	0.051839232	0.43397826	0.08018103	-0.022665529	-0.058355093	0.06809485
1527045835726	-0.0031939526	0.009581857	-0.11604694	8.495933	0.47319055	-4.2773533	0.36005843	-0.3704183	0.28715897	0.059048202	0.42656186	0.08593042	-0.021555454	-0.04974037	0.06975777
1527045835748	0.16289158	-0.14585717	-0.11711159	8.372475	0.41270882	-4.8991113	0.40105483	-0.08121514	0.19075775	0.067065746	0.4249383	0.0897439	-0.020294873	-0.041229136	0.071513735
1527045835769	0.24061109	-0.30661944	-0.070266955	8.463919	0.2928825	-5.932186	0.24424581	0.5881045	-0.20285606	0.0719485	0.4366952	0.08568858	-0.018905345	-0.032616615	0.07326728
1527045835789	0.09688323	-0.246999	0.018099064	8.385698	0.26370132	-6.0469723	0.13902721	1.0186949	-0.4954567	0.07473206	0.45709115	0.075768724	-0.017436951	-0.023669068	0.0748836
1527045835810	-0.35133478	0.06387905	0.10646509	8.7521105	0.6550678	-5.8556623	0.32671654	0.9144821	-0.60391426	0.0812635	0.4753727	0.06369579	-0.015877686	-0.014348557	0.07627763
1527045835831	-0.76122534	0.38753292	0.16608553	8.905166	0.896849	-5.15738	0.6524575	0.48475122	-0.60985565	0.09430687	0.48506343	0.051504064	-0.01412276	-0.004748448	0.077429116
1527045835851	-0.94753927	0.53232545	0.23315853	9.2442665	1.3135718	-5.559131	0.9329855	0.38228726	-0.75385094	0.11295832	0.4927058	0.03643371	-0.012051025	0.0050249165	0.078308105
1527045835872	-0.90175927	0.46099383	0.30981338	9.455259	1.8489408	-6.907868	1.22894	1.1985307	-1.4204578	0.13756375	0.51670235	0.007993776	-0.009543091	0.015129933	0.07875286
1527045835893	-0.9092118	0.44076544	0.44502404	9.753131	2.5369453	-8.199212	1.5816004	2.4528298	-2.2695036	0.16918176	0.56573725	-0.037376203	-0.0064769937	0.025949538	0.078459166
1527045835914	-1.2850336	0.7793244	0.69415236	10.283831	3.654656	-9.251417	2.1974213	3.6500838	-3.1627378	0.21311073	0.6387066	-0.100602955	-0.0026557613	0.037988644	0.07707999
1527045835939	-2.079263	1.4968991	1.0838145	10.817015	4.714254	-8.725315	3.058672	4.279956	-3.7018757	0.27435043	0.7243985	-0.17472067	0.0022241315	0.05163446	0.07432377
1527045835960	-2.079263	1.4968991	1.0838145	10.660923	4.897931	-8.208777	3.5200002	4.444084	-3.547099	0.3447193	0.8132408	-0.24563125	0.008412087	0.06700405	0.070122115

0.4
1527045842618	0.013840461	-0.0649437	-0.01277581	3.049963	-8.966488	1.8350062	0.5434832	0.8940536	0.27692413	0.01088144	0.017900445	0.0055444734	1.0893228E-4	1.7919838E-4	5.5504803E-5
1527045842639	-0.017034413	-0.044715334	-0.007452556	2.8116944	-9.013573	1.9306613	0.64666146	0.6783457	0.19849491	0.023808945	0.03146135	0.009512614	4.5568257E-4	6.7259785E-4	2.0600903E-4
1527045842660	-0.02448697	-0.034068827	-0.0010646508	2.5225334	-9.214223	1.7967442	0.57112205	0.40048772	0.14200974	0.03522633	0.03946756	0.012351543	0.001045774	0.0013815729	4.2455381E-4
1527045842680	-0.017034413	-0.021293016	-0.011711159	2.6328285	-9.082747	1.4619515	0.32837284	0.34875143	0.16266632	0.0418009	0.04645014	0.015608403	0.0018168807	0.0022416806	7.044562E-4
1527045842701	0.0031939526	-0.01277581	-0.046844635	3.286697	-8.457095	0.96454495	0.051876128	0.8640673	0.49908924	0.042837966	0.06372384	0.025585769	0.0026628945	0.0033429328	0.0011162155
1527045842722	0.011711159	-0.010646508	-0.07452556	3.9940164	-8.120731	1.548041	0.28188187	1.5955279	0.79875183	0.04847311	0.095620275	0.041553736	0.0035756011	0.0049356683	0.0017873133
1527045842743	0.017034413	-0.020228365	-0.10007718	4.296275	-8.743542	2.5715504	1.1090076	1.8834801	0.4267063	0.07064344	0.1332732	0.050084084	0.0047662393	0.00722359	0.0027032858
1527045842764	-0.02448697	-0.006387905	-0.118176244	4.239483	-9.609992	2.5524192	1.4779075	1.7332754	-0.39401436	0.100233614	0.16797626	0.04219526	0.006476861	0.010239348	0.0036270788
1527045842785	-0.0606851	-0.0021293017	-0.13840461	3.8961177	-9.92742	1.9497924	1.040966	1.4515572	-0.87585163	0.12104372	0.19699456	0.024685983	0.008688655	0.01388744	0.004295595
1527045842806	-0.07878416	-0.03832743	-0.179926	3.8016202	-9.359198	1.3949928	0.4757337	1.3429013	-0.62605	0.13055418	0.2238407	0.012170525	0.01120352	0.018093929	0.004663997
1527045842827	-0.09475392	-0.10646509	-0.26935667	3.7411842	-8.855553	1.2228138	0.21870595	1.4024072	-0.048139572	0.13493304	0.25191924	0.011206681	0.013861269	0.022856683	0.0048980224
1527045842848	-0.027680922	-0.2448697	-0.43544218	3.7118008	-8.531965	1.2036828	0.2016218	1.3939711	0.36236572	0.13896368	0.27978632	0.018450787	0.016599024	0.028171385	0.0051944656
1527045842868	0.043650683	-0.32578316	-0.5089031	3.663113	-8.437021	1.1558552	0.1996043	1.3146071	0.5634861	0.142954	0.3060668	0.029715529	0.019416953	0.034027323	0.0056759156
1527045842889	-0.01277581	-0.201219	-0.359852	3.5861225	-8.74193	1.1080277	0.121328115	1.1517739	0.47483826	0.1453832	0.32912725	0.039222572	0.022303449	0.040386144	0.0063660434
1527045842910	-0.14692181	-0.084107414	-0.15330972	3.5614102	-8.730806	1.4045584	0.21950498	0.9885073	0.3261261	0.14977135	0.34888864	0.045742217	0.025253687	0.0471633	0.007215315
1527045842931	-0.21186551	-0.06600835	-0.06813765	3.5697215	-8.645588	1.3184688	0.36016583	0.94244707	0.35830212	0.15697147	0.36772925	0.052905086	0.028319757	0.054326307	0.008201351
1527045842951	-0.21399482	-0.085172065	-0.087301366	3.5559962	-8.571028	1.0219381	0.2265926	0.9761279	0.4577713	0.16150132	0.38724315	0.062056467	0.031503074	0.06187269	0.009350458
1527045842972	-0.15437438	-0.105400436	-0.10646509	3.5285468	-8.684807	1.1080277	0.15157053	0.94692516	0.4560089	0.16453601	0.40620217	0.071186535	0.03476698	0.06981574	0.010684332
1527045842992	-0.10114183	-0.118176244	-0.06600835	3.5688877	-9.065	1.2228138	0.23408729	0.84551036	0.20540524	0.1692157	0.42310488	0.07529282	0.038103018	0.07810514	0.012148477
1527045843013	-0.087301366	-0.1320167	-0.009581857	3.5788403	-9.274394	1.2323793	0.27245098	0.76625794	-0.09025383	0.1746623	0.43842325	0.07348854	0.041540276	0.08671661	0.013635632
1527045843034	-0.067073	-0.15756832	0.053232543	3.560053	-9.150424	1.2706413	0.31209087	0.742128	-0.13191414	0.18091089	0.45328188	0.0708474	0.045099862	0.09564332	0.015080554
1527045843055	-0.06387905	-0.16395622	0.072396256	3.6344254	-9.07514	1.1080277	0.29841465	0.8109127	-0.03702545	0.18687654	0.46949294	0.07010722	0.04877611	0.10486698	0.016489476
1527045843076	-0.09155997	-0.16289158	0.029810224	3.4630442	-9.2842245	1.1749861	0.25923067	0.7594842	-0.08100128	0.19205886	0.4846759	0.06848792	0.052563787	0.11440445	0.017874815
1527045843096	-0.084107414	-0.17247343	-0.033004176	3.3401368	-9.283553	1.2993377	0.33457723	0.56357646	-0.14868355	0.19874744	0.49594244	0.06551556	0.05647012	0.12420629	0.019214256
1527045843117	-0.07878416	-0.15011577	-0.044715334	3.261933	-8.979368	1.2132483	0.3815767	0.487374	0.02295971	0.20638724	0.50570047	0.065975256	0.060525853	0.13423356	0.020530589
1527045843138	-0.15969762	-0.072396256	-0.014905112	3.5622935	-8.324689	0.8019314	0.26371858	0.75708395	0.47325897	0.21165927	0.52083546	0.075436234	0.06470447	0.14449438	0.021944078
1527045843159	-0.19802506	-0.02448697	-0.011711159	3.733995	-8.629805	0.71584177	0.12839594	1.0696878	0.5968857	0.21422605	0.54221976	0.08736865	0.06896144	0.15512022	0.023571406
1527045843179	-0.18950784	-0.022357667	-0.057491146	3.546872	-9.47189	1.6819581	0.5003837	0.8007048	0.011616707	0.22424456	0.5582512	0.08760124	0.0733509	0.16613686	0.025323
1527045843200	-0.12882276	-0.056426495	-0.10646509	2.867407	-11.039228	2.3324125	1.0508397	-0.12658189	-1.0847855	0.24525206	0.5557207	0.06591513	0.07804379	0.17727165	0.026857484
1527045843221	-0.0628144	-0.08304276	-0.11391764	1.7514508	-12.4123745	1.9210957	0.795874	-1.413163	-2.2352085	0.2611625	0.52746993	0.021230739	0.08310569	0.18809876	0.027728558
1527045843241	-0.08943067	-0.067073	-0.13308136	0.94066083	-11.858388	2.2558887	0.52602154	-2.4506278	-2.335989	0.27167827	0.4784791	-0.02546836	0.08843174	0.1981538	0.027686201
1527045843262	-0.10859439	-0.085172065	-0.21080087	0.9699564	-10.600931	2.3993714	0.82850623	-2.673078	-1.3683519	0.28826633	0.4249596	-0.052865043	0.09403725	0.20719796	0.026902018
1527045843283	-0.022357667	-0.16927949	-0.32152456	2.0508313	-9.704567	0.907152	0.44336274	-1.7682188	-0.44391823	0.29712966	0.3896109	-0.061739467	0.099888615	0.21534006	0.02575648
1527045843305	0.10114183	-0.23741713	-0.35665804	3.0827641	-9.705859	0.6680143	-0.13756764	-0.53189963	-0.26236534	0.29437953	0.3789776	-0.06698445	0.10580109	0.22302255	0.024469811
1527045843328	0.06600835	-0.201219	-0.34920546	3.7375667	-9.157979	1.6341306	0.40357482	0.17071652	-0.2930374	0.30245978	0.38239563	-0.07285156	0.11177595	0.23064452	0.023069937
1527045843350	0.19376646	-0.27680922	-0.4854808	4.1133037	-8.652421	1.8158753	1.1156812	0.5779319	-0.010760307	0.3247635	0.39394915	-0.073066674	0.118045405	0.23840453	0.0216114
1527045843371	0.4333129	-0.53339005	-0.871949	4.9741464	-8.742653	0.9741105	0.9017783	1.1552551	-0.010846138	0.34279108	0.417044	-0.0732835	0.124717996	0.24651086	0.020148546
1527045843391	0.47909287	-0.78464764	-1.5831358	4.8498044	-7.212881	0.41931105	0.35391384	1.6775143	0.55280113	0.3498662	0.45057946	-0.062232383	0.1316415	0.25518325	0.018793987
1527045843412	0.6898937	-1.1519523	-2.3369086	5.6737657	-4.6299214	-0.79550844	-0.10079233	2.6325285	2.2933278	0.34784818	0.5032871	-0.016316134	0.1386262	0.26473224	0.018007651
1527045843433	1.1019136	-1.6342391	-2.7755446	6.948041	-3.0966861	-0.70941883	-5.0738454E-4	4.1368403	3.5863247	0.34783804	0.58598727	0.055378605	0.14557998	0.27562016	0.018398102
1527045843453	1.3712703	-1.7204758	-2.9831517	7.405548	-2.147197	0.5819247	1.1552674	4.7831373	3.9428287	0.37093318	0.68160766	0.13420026	0.15276451	0.2882905	0.020293051
1527045843474	1.2967447	-1.4756061	-3.2163103	7.3966107	-1.417338	-0.011136803	1.7717527	4.849288	4.178405	0.4064066	0.7786985	0.2178589	0.16054633	0.30290937	0.023817457
1527045843494	1.2041202	-1.4788	-3.567645	7.638665	-0.80864906	-1.8859763	0.89105904	5.39783	4.4096622	0.4242199	0.8866073	0.3060131	0.16884892	0.31955507	0.02905386
1527045843515	1.6203985	-1.8152297	-3.8071914	8.079371	1.4924232	-2.4120793	0.50651646	6.5892696	4.957265	0.43434575	1.0183344	0.40511453	0.17743078	0.33859605	0.03616199
1527045843536	2.1186552	-2.167629	-4.1127462	8.241019	4.492148	-2.259031	1.7127364	8.032012	6.028872	0.4686376	1.1791487	0.5258226	0.18647039	0.3605947	0.045481443
1527045843556	2.3624601	-2.484895	-4.564158	8.426018	4.3828855	-4.8608494	1.7200676	9.297935	6.208383	0.5030237	1.365025	0.6499353	0.1961827	0.38602516	0.057233818
1527045843577	2.7893853	-2.5871015	-4.5577703	7.819649	1.0178826	-7.424405	-1.0093179	9.28724	4.9183755	0.48284626	1.5506876	0.74825925	0.20603703	0.4151694	0.07120957
1527045843598	3.0576773	-2.6999545	-4.375715	8.672864	0.47124484	-8.16095	-3.0338733	8.797776	3.278905	0.42219564	1.7265651	0.8138083	0.21508345	0.44792742	0.08682333
1527045843619	2.8128076	-2.9458888	-4.156397	8.069197	1.473246	-5.9608827	-2.0512023	8.058282	2.6336446	0.38112715	1.8879054	0.8665383	0.22312538	0.48411128	0.103645
1527045843640	2.308163	-3.14072	-3.9871173	7.9301414	2.1856668	-6.2574134	-0.63130975	7.26608	2.6155767	0.36850655	2.0331626	0.91882664	0.2306184	0.5233046	0.12149074
1527045843661	2.4295332	-3.341939	-3.8731997	7.385923	0.5883316	-7.6348467	-1.3284724	7.0976562	2.25453	0.34194887	2.175053	0.9638973	0.2377198	0.5653681	0.14030965
1527045843682	2.805355	-3.7071142	-3.5208004	7.4869003	0.36750358	-7.9792047	-2.299888	6.716118	1.6723795	0.29590127	2.3095207	0.9973811	0.24410522	0.61026245	0.15994368

