2018-05-19 14:02:38:788	1526709758788	*	*	0.0	*	*	*
2018-05-19 14:02:43:832	1526709763832	293.2655	0.738791	0.0	-0.20271848	-0.9792371	0.0
2018-05-19 14:02:48:851	1526709768851	251.12788	1.296185	0.0	-0.6845229	0.7289913	0.0
2018-05-19 14:02:53:864	1526709773864	231.00249	1.091532	0.0	-0.2465155	-0.96913886	0.0
2018-05-19 14:02:58:879	1526709778879	232.60953	1.321519	0.0	-0.20586427	-0.97858053	0.0
2018-05-19 14:03:03:893	1526709783893	225.13194	1.452001	0.0	0.13361055	0.9910339	0.0
2018-05-19 14:03:08:911	1526709788911	225.13194	1.452001	0.0	0.9153811	-0.4025885	0.0
2018-05-19 14:03:13:924	1526709793924	*	*	0.0	0.2512928	-0.9679111	0.0
2018-05-19 14:03:18:937	1526709798937	178.16617	1.094359	0.0	-0.033957954	0.99942327	0.0
2018-05-19 14:03:23:958	1526709803958	195.8211	1.055836	0.0	0.06786475	-0.9976945	0.0
2018-05-19 14:03:28:975	1526709808975	173.40282	1.249394	0.0	0.9967955	0.07999248	0.0
2018-05-19 14:03:33:985	1526709813985	163.84348	1.176898	0.0	-0.56349105	0.82612216	0.0
2018-05-19 14:03:39:006	1526709819006	171.65523	1.313673	0.0	-0.89765626	-0.44069627	0.0
2018-05-19 14:03:44:022	1526709824022	154.11072	1.300407	0.0	-0.5601136	-0.8284158	0.0
2018-05-19 14:03:49:035	1526709829035	192.6389	1.346678	0.0	0.39988154	-0.91656685	0.0
2018-05-19 14:03:54:050	1526709834050	238.6602	1.346473	0.0	-0.09257333	0.99570584	0.0
2018-05-19 14:03:59:065	1526709839065	239.3901	1.368606	0.0	-0.9394688	0.34263447	0.0
2018-05-19 14:04:04:080	1526709844080	219.47559	1.020045	0.0	-0.66431475	0.7474529	0.0
2018-05-19 14:04:09:104	1526709849104	256.19943	1.27703	0.0	0.5996143	0.8002891	0.0
2018-05-19 14:04:14:122	1526709854122	247.50142	1.078744	0.0	-0.2559414	-0.9666923	0.0
2018-05-19 14:04:19:139	1526709859139	229.77525	1.239726	0.0	0.96560687	0.26000643	0.0
2018-05-19 14:04:24:158	1526709864158	227.28079	1.123848	0.0	0.27164567	-0.96239734	0.0
2018-05-19 14:04:29:177	1526709869177	248.50357	1.563248	0.0	-0.38273984	-0.92385614	0.0
2018-05-19 14:04:34:194	1526709874194	240.66492	1.538482	0.0	-0.43623656	0.899832	0.0
2018-05-19 14:04:39:211	1526709879211	231.10341	1.099681	0.0	-0.99375576	0.11157734	0.0
2018-05-19 14:04:44:223	1526709884223	237.83199	1.280436	0.0	-0.76391387	-0.6453182	0.0
2018-05-19 14:04:49:231	1526709889231	247.21051	1.270869	0.0	-0.093817905	0.9955894	0.0
2018-05-19 14:04:54:249	1526709894249	241.03586	1.386418	0.0	-0.20961353	0.97778434	0.0
2018-05-19 14:04:59:264	1526709899264	226.90092	1.00148	0.0	-0.8548742	0.51883537	0.0
2018-05-19 14:05:04:277	1526709904277	224.10783	1.358468	0.0	0.63512087	0.7724128	0.0
2018-05-19 14:05:09:290	1526709909290	246.65468	1.017875	0.0	-0.039237294	0.9992299	0.0
2018-05-19 14:05:14:304	1526709914304	245.3114	1.159722	0.0	-0.8457556	-0.5335705	0.0
2018-05-19 14:05:19:328	1526709919328	236.44347	1.104501	0.0	0.40455464	-0.9145138	0.0
2018-05-19 14:05:24:347	1526709924347	228.72409	1.262194	0.0	0.1525443	-0.9882966	0.0
2018-05-19 14:05:29:372	1526709929372	226.93082	1.086869	0.0	-0.35974118	-0.9330521	0.0
2018-05-19 14:05:34:393	1526709934393	220.67506	1.172122	0.0	-0.7258797	0.6878217	0.0
2018-05-19 14:05:39:408	1526709939408	236.42358	1.365745	0.0	0.43796653	0.8989913	0.0
2018-05-19 14:05:44:427	1526709944427	232.02368	1.155904	0.0	0.61849827	0.78578615	0.0
2018-05-19 14:05:49:443	1526709949443	236.42407	1.205605	0.0	-0.8487738	-0.5287562	0.0
2018-05-19 14:05:54:458	1526709954458	224.55461	1.282009	0.0	-0.1049275	0.9944799	0.0
2018-05-19 14:05:59:472	1526709959472	251.73972	1.264853	0.0	-0.9759784	0.21786743	0.0
2018-05-19 14:06:04:486	1526709964486	250.72215	1.087833	0.0	0.9831064	0.18303515	0.0
2018-05-19 14:06:09:509	1526709969509	256.90793	1.236967	0.0	-0.4846436	0.8747117	0.0
2018-05-19 14:06:14:531	1526709974531	253.00787	1.360163	0.0	-0.36549568	0.930813	0.0
2018-05-19 14:06:19:551	1526709979551	260.4969	1.043398	0.0	0.9101484	0.4142824	0.0
2018-05-19 14:06:24:571	1526709984571	276.6061	0.798855	0.0	0.42314088	-0.9060639	0.0
2018-05-19 14:06:29:591	1526709989591	256.88388	1.305238	0.0	-0.28418553	-0.9587693	0.0
2018-05-19 14:06:34:611	1526709994611	252.13678	1.219265	0.0	-0.01327634	0.99991184	0.0
2018-05-19 14:06:39:633	1526709999633	258.74564	1.4499	0.0	-0.9986088	-0.052729852	0.0
2018-05-19 14:06:44:664	1526710004664	241.14066	1.28555	0.0	-0.9864726	0.1639262	0.0
2018-05-19 14:06:49:689	1526710009689	255.95316	1.455649	0.0	0.8842712	0.4669737	0.0
2018-05-19 14:06:54:714	1526710014714	275.0159	1.199531	0.0	0.6105294	0.79199356	0.0
2018-05-19 14:06:59:732	1526710019732	274.72382	1.163727	0.0	0.98982996	-0.14225565	0.0
2018-05-19 14:07:04:757	1526710024757	273.01117	1.414284	0.0	0.5319381	0.8467832	0.0
2018-05-19 14:07:09:787	1526710029787	262.77405	0.806521	0.0	-0.3785879	-0.92556536	0.0
2018-05-19 14:07:14:808	1526710034808	260.65103	1.145081	0.0	-0.1323938	-0.99119717	0.0
2018-05-19 14:07:19:829	1526710039829	258.82086	1.509857	0.0	-0.9980572	-0.062304668	0.0
2018-05-19 14:07:24:852	1526710044852	248.3215	0.838332	0.0	-0.24532138	-0.96944183	0.0
2018-05-19 14:07:29:873	1526710049873	256.08524	1.001922	0.0	0.12125862	0.99262094	0.0
2018-05-19 14:07:34:893	1526710054893	257.60776	1.265347	0.0	0.9682846	-0.24984975	0.0
2018-05-19 14:07:39:927	1526710059927	261.08984	1.168702	0.0	-0.999098	-0.042463627	0.0
2018-05-19 14:07:44:951	1526710064951	251.99239	0.85307	0.0	0.79045534	-0.6125197	0.0
2018-05-19 14:07:49:972	1526710069972	265.66525	1.041874	0.0	0.6491605	0.76065147	0.0
2018-05-19 14:07:54:992	1526710074992	278.96967	0.902331	0.0	0.99876416	0.04970046	0.0
2018-05-19 14:08:00:014	1526710080014	256.43713	1.157398	0.0	-0.6062575	-0.7952684	0.0
2018-05-19 14:08:05:034	1526710085034	260.60535	0.984767	0.0	-0.7743108	0.6328054	0.0
2018-05-19 14:08:10:055	1526710090055	272.9945	1.138538	0.0	0.8948016	-0.44646397	0.0
2018-05-19 14:08:15:084	1526710095084	272.60895	0.891273	0.0	0.7455377	0.66646343	0.0
2018-05-19 14:08:20:115	1526710100115	271.82504	1.044788	0.0	0.9603904	0.27865806	0.0
2018-05-19 14:08:25:140	1526710105140	265.98114	1.064589	0.0	0.99700207	-0.07737486	0.0
2018-05-19 14:08:30:158	1526710110158	277.93063	1.1259	0.0	-0.99243426	-0.12277725	0.0
2018-05-19 14:08:35:181	1526710115181	90.37656	1.322889	0.0	0.9456613	-0.32515335	0.0
2018-05-19 14:08:40:214	1526710120214	90.37656	1.322889	0.0	-0.8379221	0.54578984	0.0
2018-05-19 14:08:45:231	1526710125231	88.15999	1.1065043	0.0	0.99588823	0.09059032	0.0
2018-05-19 14:08:50:250	1526710130250	87.78895	1.731481	0.0	0.5885086	-0.80849093	0.0
2018-05-19 14:08:55:269	1526710135269	85.76886	1.074769	0.0	-0.47596186	-0.8794659	0.0
2018-05-19 14:09:00:292	1526710140292	80.31455	1.074531	0.0	0.53576565	-0.8443667	0.0
2018-05-19 14:09:05:312	1526710145312	93.32924	1.106715	0.0	-0.4875037	-0.8731209	0.0
2018-05-19 14:09:10:328	1526710150328	73.14763	0.977925	0.0	-0.76967764	0.63843274	0.0
2018-05-19 14:09:15:342	1526710155342	59.446938	1.260791	0.0	-0.1227688	0.9924353	0.0
2018-05-19 14:09:20:356	1526710160356	72.6407	1.108015	0.0	0.8607928	0.5089555	0.0
2018-05-19 14:09:25:366	1526710165366	84.83608	1.036705	0.0	-0.99329436	0.115612894	0.0
2018-05-19 14:09:30:380	1526710170380	77.049034	0.997275	0.0	-0.99851525	0.054472912	0.0
2018-05-19 14:09:35:394	1526710175394	104.666626	2.578254	0.0	0.93083596	0.36543724	0.0
2018-05-19 14:09:40:412	1526710180412	71.93796	1.387996	0.0	-0.5075196	0.8616402	0.0
2018-05-19 14:09:45:430	1526710185430	81.22362	1.004552	0.0	0.9950186	0.09968953	0.0
2018-05-19 14:09:50:444	1526710190444	92.77437	1.271147	0.0	0.8202785	0.57196426	0.0
2018-05-19 14:09:55:470	1526710195470	62.108204	1.447881	0.0	-0.11391097	0.993491	0.0
2018-05-19 14:10:00:483	1526710200483	88.11099	1.339236	0.0	0.9793489	-0.20217748	0.0
2018-05-19 14:10:05:497	1526710205497	74.5456	1.010749	0.0	0.9956627	-0.09303648	0.0
2018-05-19 14:10:10:510	1526710210510	80.072784	1.289591	0.0	-0.9201654	0.3915298	0.0
2018-05-19 14:10:15:525	1526710215525	71.63564	1.310285	0.0	-0.99501604	-0.099714935	0.0
2018-05-19 14:10:20:539	1526710220539	73.21643	1.284701	0.0	0.11862275	0.9929394	0.0
2018-05-19 14:10:25:556	1526710225556	73.497765	1.048762	0.0	0.81958663	-0.5729553	0.0
2018-05-19 14:10:30:574	1526710230574	70.42896	1.234053	0.0	0.77070814	0.6371883	0.0
2018-05-19 14:10:35:589	1526710235589	73.79877	1.235254	0.0	0.44505283	0.8955043	0.0
2018-05-19 14:10:40:604	1526710240604	80.45103	1.216077	0.0	-0.81475735	0.5798021	0.0
2018-05-19 14:10:45:626	1526710245626	66.24878	1.407005	0.0	0.7443933	0.6677414	0.0
2018-05-19 14:10:50:643	1526710250643	70.32077	1.318747	0.0	-0.95567495	-0.29442388	0.0
2018-05-19 14:10:55:661	1526710255661	66.87696	1.073721	0.0	0.50447977	0.8634235	0.0
2018-05-19 14:11:00:681	1526710260681	78.2181	1.326509	0.0	0.50560075	-0.8627675	0.0
2018-05-19 14:11:05:699	1526710265699	69.173386	1.300732	0.0	0.9592066	-0.28270608	0.0
2018-05-19 14:11:10:717	1526710270717	55.951004	1.19433	0.0	0.91193616	-0.4103321	0.0
2018-05-19 14:11:15:756	1526710275756	52.337784	1.328032	0.0	0.98340684	-0.1814139	0.0
2018-05-19 14:11:20:771	1526710280771	56.443455	1.435467	0.0	0.99555916	0.09413798	0.0
2018-05-19 14:11:25:785	1526710285785	43.246212	1.243096	0.0	0.9911119	0.1330311	0.0
2018-05-19 14:11:30:804	1526710290804	53.133213	1.130215	0.0	-0.58747095	0.8092453	0.0
2018-05-19 14:11:35:819	1526710295819	48.007847	1.532442	0.0	-0.9999965	-0.002652046	0.0
2018-05-19 14:11:40:840	1526710300840	69.69579	0.977726	0.0	0.34072596	0.94016266	0.0
2018-05-19 14:11:45:863	1526710305863	59.359035	1.25746	0.0	0.599557	-0.80033207	0.0
2018-05-19 14:11:50:884	1526710310884	66.72873	1.57246	0.0	0.9709343	0.23934624	0.0
2018-05-19 14:11:55:920	1526710315920	49.33708	1.325401	0.0	-0.5543298	-0.8322971	0.0
2018-05-19 14:12:00:948	1526710320948	46.600945	1.23709	0.0	0.8482065	-0.52966565	0.0
2018-05-19 14:12:05:974	1526710325974	51.554707	1.459056	0.0	-0.29753718	-0.95471025	0.0
2018-05-19 14:12:10:997	1526710330997	41.78301	1.036496	0.0	-0.067162886	0.997742	0.0
2018-05-19 14:12:16:021	1526710336021	56.37697	1.328265	0.0	0.5065262	-0.8622246	0.0
2018-05-19 14:12:21:042	1526710341042	54.500046	1.53642	0.0	0.45702454	-0.88945407	0.0
2018-05-19 14:12:26:061	1526710346061	46.71492	1.195815	0.0	0.99144983	-0.1304883	0.0
2018-05-19 14:12:31:085	1526710351085	58.4235	1.204957	0.0	-0.10321888	-0.99465865	0.0
2018-05-19 14:12:36:110	1526710356110	57.625458	1.389466	0.0	0.64314413	0.76574516	0.0
2018-05-19 14:12:41:132	1526710361132	41.840225	1.293557	0.0	-0.16459167	0.9863618	0.0
2018-05-19 14:12:46:163	1526710366163	33.993717	1.432555	0.0	0.73848754	-0.6742671	0.0
2018-05-19 14:12:51:193	1526710371193	48.21098	1.520207	0.0	0.9981421	0.060928617	0.0
2018-05-19 14:12:56:215	1526710376215	48.842213	1.350818	0.0	0.982873	0.18428414	0.0
2018-05-19 14:13:01:232	1526710381232	48.786125	1.275205	0.0	-0.77818775	0.62803173	0.0
2018-05-19 14:13:06:245	1526710386245	46.910023	1.239937	0.0	-0.5150125	-0.8571827	0.0
2018-05-19 14:13:11:259	1526710391259	48.6354	1.165858	0.0	0.69733053	0.7167497	0.0
2018-05-19 14:13:16:278	1526710396278	48.520115	1.236955	0.0	0.6217944	-0.78318053	0.0
2018-05-19 14:13:21:293	1526710401293	46.7306	1.297342	0.0	0.9935352	0.11352434	0.0
2018-05-19 14:13:26:307	1526710406307	40.76738	1.494705	0.0	-0.9289544	0.37019408	0.0
2018-05-19 14:13:31:321	1526710411321	45.11725	1.111416	0.0	-0.37279737	0.9279128	0.0
2018-05-19 14:13:36:337	1526710416337	49.329826	1.087503	0.0	-0.3370955	-0.94147044	0.0
2018-05-19 14:13:41:352	1526710421352	60.460594	1.131939	0.0	-0.8571352	-0.51509154	0.0
2018-05-19 14:13:46:366	1526710426366	54.690548	1.30947	0.0	-0.82256156	-0.56867605	0.0
2018-05-19 14:13:51:383	1526710431383	43.33428	1.131765	0.0	-0.972899	-0.23123044	0.0
2018-05-19 14:13:56:399	1526710436399	65.96702	1.291359	0.0	-0.9032839	-0.42904338	0.0
2018-05-19 14:14:01:415	1526710441415	69.74454	0.85761	0.0	-0.35658443	-0.9342631	0.0
2018-05-19 14:14:06:428	1526710446428	59.19608	1.076822	0.0	-0.81963664	0.5728837	0.0
2018-05-19 14:14:11:442	1526710451442	148.27654	1.358843	0.0	0.99810016	0.06161202	0.0
2018-05-19 14:14:16:460	1526710456460	159.84085	0.944724	0.0	0.9921907	0.12473006	0.0
2018-05-19 14:14:21:479	1526710461479	159.84085	0.944724	0.0	0.9977629	-0.06685175	0.0
